183030
183092
183379
183797
184059
184642
184889
185084
185189
185347
185676
185890
186473
187358
187588
188136
188888
188955
189486
190077
190143
190581
191258
191437
191566
191768
192618
192692
193153
193547
193689
193893
194661
195853
196173
196387
196857
197492
197816
198659
198873
199189
200149
201262
201878
202076
202172
202939
203419
203447
204260
205907
206810
207348
207393
208159
208464
209862
210196
212700
212904
212980
213478
213862
214105
214206
216032
216051
218638
219011
219299
219360
219683
221840
222429
252626
421066
421383
422033
422319
422919
422950
422995
423847
423860
423920
424074
424573
426070
426132
426321
426827
426895
426935
426987
427044
427202
428097
428338
428370
428426
428505
428834
430562
431405
432307
433119
433285
434533
434592
434810
435214
436012
436799
436899
438486
439810
440089
440755
440840
441892
442081
442274
443506
443748
443820
443990
444273
444768
445229
445789
445931
445988
446178
446307
446733
447002
447669
447688
448006
448358
448434
449959
450174
451349
451757
455475
455895
455992
456491
458440
459170
459230
460264
460876
461725
463382
464995
465401
465677
465697
466206
467052
467185
467362
467447
467504
468151
469347
470250
470585
470712
472088
472177
472719
472883
473586
474045
475815
476199
476382
477729
478548
478831
480107
481241
481333
482033
482541
482545
483111
483435
483710
484073
484696
486920
486936
487134
487262
487396
489130
490053
490214
491276
492094
494353
496190
498337
500431
503418
504616
505136
505752
507855
508108
510195
510792
511535
512990
513070
515553
515796
515853
517124
528628
535819
546525
550677
566168
1207402
1208254
1209346
1210803
1212230
1213338
1216790
1220799
1226531
1238988
1246080
1252329
1258043
1266740
1273001
1707557
1707561
1708274
1709755
1710360
1712308
1713908
1714072
1717053
1717417
1722101
1723204
1725059
1727460
1732433
1732668
1733032
1733557
1739634
1740219
1743457
1745857
1762764
2001670
2004855
2150958
2151399
2151437
2152932
2153015
2153158
2153442
2154285
2155594
2159537
2159557
2161481
2161625
2162559
2164148
2165954
2198417
2205072
2205124
183892
184172
184618
184888
184947
185788
186035
187236
189184
189403
189463
189624
190032
190057
190433
190453
190667
191326
191469
192942
193713
193997
194769
195687
196118
196999
198002
198026
199356
199507
202264
203049
203670
204076
205105
205513
207267
209310
211557
214909
215288
215719
218579
220115
230395
421740
423719
426142
426721
430002
430381
432195
432990
433582
434293
436539
437341
437602
439537
441252
441542
441585
441909
442750
444921
445403
445793
447496
447859
448283
449064
449823
450656
454562
455573
455769
461126
466207
466241
468383
468941
469391
469833
470299
471296
471861
472964
476259
478077
480074
482274
485880
486083
487287
488595
490779
490875
500188
503271
506326
508150
511280
518761
519609
536939
539488
540392
555878
558267
1200854
1203639
1207723
1213786
1219203
1281699
1690074
1731294
1740606
2011171
2152304
2153473
2156419
2160294
2161764
183119
183982
184866
185174
185280
185566
186243
186656
186849
186966
187319
187863
188285
188794
189133
189148
189288
189518
189789
190124
191293
191615
191951
192272
192722
192966
193199
194575
195489
196360
196900
198046
198107
198182
198193
200156
200981
201216
201392
202574
203144
203203
204010
205280
205909
206763
207510
210195
210621
210771
211983
212307
213458
214479
214752
216046
217288
220906
222032
222213
223255
231125
232665
421207
421787
423106
423216
424434
425051
427175
429713
430707
434418
435141
435779
437301
438253
438328
438697
440608
440783
444680
445992
446223
451690
452867
454390
455160
456928
457875
457912
458404
458898
459987
460309
462757
463072
463561
464095
464190
465374
466667
466978
468335
471461
478575
478602
480091
481497
481633
482930
483008
486298
492328
492839
495109
495208
498575
504376
514138
526453
527492
530008
558886
1202907
1207427
1209479
1223503
1227251
1227618
1229397
1233293
1236489
1248906
1264474
1298326
1710097
1710222
1716680
1718229
1718843
1729245
1729807
1733025
1739241
2149735
2152918
2153811
2154590
2157241
2157944
2158176
2191235
2204750
183139
183419
185938
186131
186206
186755
187008
187529
187879
189198
189310
190046
190675
191564
191583
191730
192034
192657
192949
193213
193513
194440
196925
197572
197597
198490
199323
199462
200801
201047
201846
202379
204033
204287
204497
209667
211515
211662
216204
218467
222850
224098
224636
225933
233419
252054
421102
421137
421527
421824
422417
422425
422562
422773
422808
423067
423130
423232
423694
424111
424348
424365
424442
424579
424640
424829
424940
425036
425187
425735
426089
426111
426191
426433
426500
426556
426726
427059
427290
427291
427760
427843
427853
428061
428191
428398
428554
428598
428842
428906
429011
429339
429421
429538
429768
430025
430098
430278
430313
430833
431151
431637
431708
431778
432124
432193
432403
432445
432553
432591
432792
432963
433214
433248
433426
433675
433914
434003
434486
434497
434920
434955
435043
435278
435679
435835
436042
436126
436220
436275
436310
436486
436593
436944
436989
437091
437218
437277
437491
437798
438487
438515
438575
438895
438953
439061
439296
439473
439649
439876
439966
440131
440775
440801
441049
441134
441341
441408
441460
441625
441635
441773
442032
442277
442332
442344
442463
442551
442595
442897
443068
443121
443492
443784
443865
444033
444505
444659
444834
445305
445588
445591
445739
445746
445886
446572
446834
446853
447164
447285
447605
447757
448340
448454
448644
448830
449045
449187
449225
449607
450303
450339
450780
451093
451633
451964
451987
452000
452019
452146
452165
452313
452905
452941
453405
453758
453768
453921
453951
454019
454072
454451
454507
454527
454537
454585
454747
454926
455130
455337
455583
456069
456226
457192
457409
457543
457627
458535
458955
460210
461077
461083
461373
461377
461801
462040
462059
462570
462761
462846
462873
462954
463762
463887
464651
464654
464914
465285
465340
465565
465733
465861
466308
466633
467489
467916
467975
468194
468271
468302
469394
469568
469594
469838
469959
470330
470368
470600
470615
470909
471754
471812
472488
472895
473162
473389
473446
473516
473698
473940
475175
475463
476056
476324
476417
476760
476872
479004
479516
479810
479927
479993
480020
480274
480514
480572
480972
481542
481654
482038
482120
482139
482217
482281
482291
482365
482590
482606
483312
483390
484959
485092
485462
486308
486963
487771
488117
488623
489067
489539
489718
490021
490162
490988
491811
492016
492350
492419
492735
492958
493874
494617
494636
495545
495546
496272
496649
496885
496998
497516
497804
498041
498071
498231
498852
498908
499556
500237
500381
501024
501299
501563
501838
502157
502455
502654
502841
503570
506038
506388
506507
506993
507792
507956
508690
509522
509742
509992
510284
510537
511847
512413
513640
513641
514340
514675
514832
516541
516966
517656
517914
518785
519182
521870
522026
523276
523346
525077
525469
526752
526934
527892
529734
531992
540189
542744
543344
547493
555673
556455
559175
561272
567328
568392
1201053
1201813
1204058
1205650
1206954
1208133
1208261
1211644
1217014
1222759
1228178
1229126
1234510
1243326
1245616
1247953
1255755
1256752
1270643
1276059
1292836
1676521
1692479
1706461
1708710
1710056
1710691
1713250
1713543
1715181
1715182
1717788
1718722
1720915
1720955
1721874
1722637
1722671
1724964
1725314
1727743
1728602
1730031
1731086
1732158
1732280
1733763
1735100
1735256
1735362
1740402
1743392
1743725
1750592
1760017
2151063
2152086
2154029
2156266
2158816
2160066
2160318
2161471
2163437
2163754
2167034
2191233
2205730
2206385
2206704
183714
184286
186653
188121
188334
188505
188645
189219
190657
190698
191393
192954
192959
195886
196565
197370
200362
200710
201060
202185
202365
203409
203664
206842
209178
209656
210294
210484
210965
211317
211393
213150
213326
214153
216989
220746
221019
222715
223091
227827
228016
230193
231117
231934
252116
421132
421297
421476
421823
421850
421928
421938
422348
422377
422646
422726
422929
423022
423596
424497
424516
424553
424558
424750
424873
426076
426180
426347
426520
426738
426948
427185
427770
427999
428957
429857
430277
430523
430879
430978
431012
431187
431383
431948
432009
432636
432759
433136
433227
434512
435104
435602
435824
435858
435862
436281
437039
437871
438248
438252
438278
438355
438356
438572
438958
438983
439444
439889
440112
440471
440705
441672
441791
442001
442195
442375
442706
442743
442831
443058
443695
443848
443974
444007
444052
444554
444664
445275
446239
447221
447262
447635
447971
448115
448370
448521
448588
448698
449036
449401
449567
450145
450325
450676
450850
451547
451939
452176
452295
452336
453782
453799
455937
456247
456409
456666
457253
457443
457455
457586
457718
458105
459189
459255
459442
459719
461067
461446
462067
462914
463009
463562
464437
465246
465703
466158
466358
466361
466565
466713
467391
467526
468088
468530
468589
468655
468902
469237
469422
470224
470292
470320
471019
471444
471794
472911
472924
473927
474362
474545
474684
475691
475945
475992
476168
476188
476528
476619
476884
477129
477328
477826
478364
478407
479282
479845
480966
481005
481292
481466
481700
482770
483455
483556
483758
483924
484133
484501
484944
484957
485104
485244
485996
486043
486123
486335
486548
486653
487049
487334
488785
488809
489110
489368
489731
489746
489758
489857
490443
490602
490954
494908
494931
495006
495323
495497
497355
498374
498962
499835
499895
499909
500908
501753
502075
502806
504545
505256
506011
507690
508684
509672
509791
511324
511973
513319
515383
515770
516526
517279
518027
519542
521503
524106
524352
524555
526585
527022
530887
531731
532461
535318
542022
542145
552945
555167
557796
1201186
1208897
1210585
1210730
1211086
1213851
1219881
1222140
1222297
1222505
1238096
1241265
1241322
1242766
1245302
1245404
1247005
1263556
1272511
1275301
1286204
1325036
1705734
1712157
1712167
1717268
1717424
1717449
1718170
1719681
1722044
1724173
1725145
1726308
1726311
1729174
1731501
1732587
1735755
1741230
1742969
1745691
1755098
1756525
2000461
2149294
2150678
2150724
2152994
2153186
2153220
2155682
2156044
2156052
2156290
2156868
2157283
2158567
2159449
2160697
2161396
2162148
2166402
2167009
2167466
2167679
2198223
2204813
2204841
2204865
2206043
2206554
2208104
2228880
183100
183361
183394
184077
187434
188005
188009
190078
190472
194151
194811
195494
195555
195698
196168
196536
197659
199431
199439
199510
199911
202461
202948
202963
203095
203229
203527
204357
204866
204882
207046
208484
208504
209043
211210
213474
215495
215908
219494
220423
224690
226199
226254
233271
235289
265938
421154
421216
421243
421387
421450
421698
421888
422028
422344
422467
422883
423178
423639
423673
423687
423915
424382
424490
424677
425416
425698
425768
425924
425985
426468
426493
426517
426856
427025
427109
427292
427302
427313
427785
427850
427939
427968
427970
428583
428661
428697
429035
429056
429115
429148
429752
429775
430088
430283
430376
430597
430765
430789
430915
430980
431134
431236
431300
431365
431469
431520
431610
432153
432287
432641
432806
433445
433467
433683
433717
433777
433871
434021
434106
434124
434469
434670
434711
435040
435052
435259
435323
435366
435876
436156
436200
436476
436702
436726
436760
436782
437158
437239
437632
437874
437908
437965
437970
437992
438054
438078
438210
438359
438560
438652
438923
438967
439031
439153
439428
439498
439561
439756
439811
439893
439971
440274
440513
440571
441115
441130
441273
441316
441472
441582
441593
441619
441741
442280
442499
442902
443012
443109
443197
443270
443527
444059
444252
444685
444733
444938
444966
444999
445093
445131
445358
445367
445414
445419
445709
445780
445915
445920
446043
446245
446386
446464
446538
446561
446677
446823
447022
447171
447366
447636
447884
448167
448382
448591
448878
448891
448966
449234
449376
449475
449663
450330
450788
450880
450886
451128
451248
451272
451381
451459
451679
451861
452311
452386
452567
452572
453130
453171
453275
453441
453827
454293
454552
454635
454649
455425
455532
455677
455688
456074
456799
457114
457468
457520
457943
458090
458187
458431
458490
458565
458910
458989
458993
459155
459540
459929
460062
460280
460343
460948
461423
461431
461597
461627
462056
462965
463117
463122
463292
463498
463792
463938
464058
464392
464413
464510
464664
464959
464975
465117
465314
465422
465680
465848
466050
466254
466422
466839
467000
467208
467319
467328
467373
467390
467403
467719
468579
468618
468758
468920
468952
468955
469111
469128
469469
470526
470915
470996
471078
471080
471336
471436
471909
471931
471937
472536
472727
472855
472976
473330
473751
473770
474106
474327
474633
475078
475145
475146
475225
475306
475421
475464
475729
475851
475893
475973
476181
476889
477033
477095
477218
477308
477649
478191
478917
478976
479249
479341
479383
479546
479579
480232
480487
480556
480915
480977
481217
481390
481437
481441
481480
482031
482134
482940
483300
483777
484308
484503
484628
484780
484846
484855
484896
485473
485572
485910
486269
486329
486781
487371
487626
487859
488210
488700
488837
488858
488885
489069
489255
489377
489846
489877
491104
491309
491938
492435
492448
492790
494305
494391
494394
494719
494756
494790
494804
494927
495675
495872
495974
496788
498538
498861
498912
499529
500301
500323
501108
501260
501455
501853
501877
503003
503826
503995
504801
505055
505778
505918
505956
506814
506989
507426
507528
507619
507831
507976
508950
509019
509160
509347
509391
509855
509968
510370
511106
511146
511241
511285
513581
513632
513866
513935
514571
516399
516579
517048
517828
518105
519248
520031
520233
520889
521015
521670
524351
524829
525387
527486
527489
530447
532000
532046
533837
534809
534984
535375
537706
539838
541460
545022
546254
546486
554186
554209
554382
556272
557318
557799
557936
559115
561257
561368
563826
567747
1200981
1202075
1202087
1202462
1204600
1205472
1205908
1206224
1206342
1206467
1207339
1207766
1215109
1215496
1215601
1217162
1219541
1220058
1221603
1224214
1225283
1227152
1228727
1230680
1231382
1234508
1241316
1241751
1246517
1246620
1248785
1250977
1251616
1253304
1258342
1260212
1264834
1265476
1274615
1276604
1284217
1294613
1319422
1706099
1706414
1706956
1708232
1709624
1711113
1711416
1712219
1713391
1714350
1717149
1719038
1719464
1721857
1722509
1723244
1724364
1724749
1724933
1725943
1727495
1728867
1729062
1729130
1729146
1729207
1730527
1733028
1733559
1735441
1735996
1737834
1737930
1742893
1743107
1743193
1746513
1746862
1747079
1748249
1748345
1748858
1749740
1750087
1752482
2011392
2014683
2030992
2150962
2151851
2152434
2152519
2153010
2153785
2153839
2157930
2158557
2159459
2161124
2161557
2161674
2162643
2163278
2164403
2164466
2164586
2166228
2205527
2205586
2205603
2205696
2206094
2206388
2207133
183072
183131
183285
183460
183966
184127
184827
184852
185171
185192
185283
185420
185805
186016
186092
186295
186329
186492
186896
187052
187123
187619
187631
187669
187971
188042
188705
189644
189718
189894
190346
190379
190436
190587
190871
191264
191294
191520
191654
191752
191978
192583
192773
193128
193752
193766
193780
193909
194217
194467
194891
195028
195149
195180
195199
195296
195521
195806
195978
196251
196394
196449
196537
196951
197329
199442
200148
200392
200460
202110
202478
202598
203224
203949
204381
204791
205941
206487
206553
206821
207255
208297
208343
209503
210776
210814
212223
212848
213139
213894
214600
214638
215325
216264
216582
216631
218056
218844
219386
219995
220960
221524
221577
223072
224183
224911
227144
228608
229576
229867
230890
231346
233175
251230
421113
421234
421316
421358
421534
421596
421727
422124
422163
422475
422665
422937
423062
423087
423095
423162
423204
423212
423263
423334
423336
423702
423843
424117
424463
424706
424993
425537
425594
425774
426022
426213
426307
426327
426430
426463
426601
426742
426863
426915
426967
426993
427052
427121
427252
427327
427359
427568
427672
427697
427750
427755
427945
428084
428099
428292
428351
428404
428851
429002
429231
429505
429573
429717
429838
430157
430252
430303
430497
430878
430904
430932
431242
431311
431353
431633
431666
431830
431932
431971
432062
432063
432161
432275
432355
432456
432730
432927
433878
434257
434436
434483
434645
434894
434907
434954
435276
435588
435976
436270
436296
436315
436673
436873
436968
436990
437211
437339
437342
437444
437544
437581
437721
438012
438467
438548
438690
438699
438756
438934
438972
439056
439215
439327
439507
440109
440134
440452
440460
440819
441061
441074
441123
441347
441439
441443
441508
441511
441786
441815
441905
442025
442228
443084
443407
443577
443585
443617
443657
443758
443889
444010
444201
444364
444425
444504
444620
444792
444907
445075
445218
445318
445695
445750
445799
446013
446044
446877
446892
446977
447023
447423
447710
447724
447736
447791
447810
448253
448342
448435
448474
448488
448492
448535
448548
448579
448857
448967
448980
449066
449073
449304
449338
449452
449489
450568
450737
451084
451313
451391
451394
451693
451992
452090
452111
452489
452495
452570
452735
453163
453211
453269
453587
453593
453636
453650
453778
453794
453874
454012
454015
454411
454560
454757
454982
455104
455617
455960
456019
456082
456230
456414
456842
457212
457387
457462
457821
458003
458020
458159
458473
458475
458760
459207
459273
459782
459859
459900
459942
460207
460250
460462
460875
461114
461831
462311
462320
462474
462494
462848
463027
463351
463449
463601
463631
463688
463821
463857
463864
463947
464339
464352
464353
464380
464666
464871
465272
465292
465409
465598
465630
465859
465886
466078
466110
466392
466453
466597
466895
466931
467320
467470
467570
467810
467914
468065
468582
468764
468865
469134
469416
469547
469949
470188
470466
470609
470661
470942
471104
471362
471604
471823
472014
472539
472572
472576
472934
473039
473360
473810
473993
474019
474054
474149
474190
474205
474846
474925
475156
475332
475492
475531
475989
476175
476504
476698
476854
476890
477429
477931
478124
478441
479356
479519
479803
480031
480192
480210
481007
481478
481486
481516
481650
481977
482009
482166
482536
482809
482867
483109
483983
484063
484325
484487
484624
484690
484712
484889
485122
485405
485448
485825
485831
486081
486216
486239
486357
487035
487363
487969
488007
488185
488332
488401
489312
489611
489764
489794
489865
489971
490028
490261
491164
491823
491869
492101
492232
492373
492749
492751
492752
493050
493074
493090
493547
493590
493939
494813
495065
495161
495797
495843
496130
496412
497084
497216
497995
498150
498928
499559
500106
500230
501672
501683
501895
502068
502867
503085
503142
503206
503323
503539
503582
503643
503815
504146
504162
504194
504702
505086
505711
505834
506120
506387
506591
506686
506696
508187
508323
508787
509427
509680
509963
510436
510459
510925
511186
511265
511386
511547
511560
512802
512862
512951
513175
513451
514182
514504
514514
514697
515452
515822
516440
516615
516993
517342
518348
518577
518670
519370
519400
519908
519937
520252
520733
522612
524428
524494
524518
524593
524842
525649
526768
527445
527683
532629
533843
533871
533891
534650
534863
535478
536588
536746
537331
538767
540619
542070
543535
543677
545491
547061
552920
553861
555419
559194
561671
562761
563389
1200817
1201093
1204221
1206013
1206789
1211819
1212970
1214821
1215810
1215993
1218929
1219323
1219333
1220929
1222456
1223179
1223557
1223615
1223694
1224800
1224993
1225148
1226970
1227668
1228616
1230308
1230318
1231431
1233704
1237738
1241762
1247538
1261583
1266138
1266957
1268998
1279477
1281036
1281361
1324181
1692676
1706518
1707333
1707805
1709169
1709178
1710106
1711858
1712174
1712376
1712625
1712822
1714181
1714566
1715092
1715431
1715870
1716039
1716319
1717862
1718407
1722931
1723833
1724663
1725351
1726006
1728567
1728857
1731841
1731996
1732220
1733472
1733810
1733969
1734795
1738660
1738821
1741543
1743758
1758002
1759564
2010513
2013196
2032887
2150714
2150741
2151405
2151472
2151560
2151617
2152084
2152142
2152201
2152400
2152925
2153001
2153154
2153616
2154058
2154126
2154268
2156005
2156396
2156734
2157888
2158736
2159421
2159733
2159958
2159964
2160419
2160861
2161608
2161823
2162152
2162489
2163184
2163216
2163350
2163382
2163551
2167069
2191141
2191283
2205089
2206254
2206675
2206771
2207111
2207585
2228873
183127
183494
184022
184355
186305
188843
189601
190129
190354
190480
190903
191493
193292
194176
194211
194281
197726
197844
200121
200236
200560
201037
201888
202401
202554
202799
203364
203658
203874
204231
204361
205845
208287
208965
210823
211438
211510
212856
214509
215576
216556
220976
221119
224220
234252
421270
421519
421724
421804
422048
422051
422328
422342
422954
423243
423260
423306
423472
423617
424254
424366
424485
424559
425164
425452
425498
425637
425739
425825
426086
426669
427424
427478
427774
427903
427960
428114
428317
428391
428429
428445
428657
428709
428804
428833
428865
430176
430398
430524
430607
430722
430736
430754
431956
432070
432493
432518
432867
433012
433577
433798
434194
434370
434573
434986
435579
435942
436417
437512
437851
437888
438645
438688
438841
438945
439172
439328
439577
439775
440221
440757
441016
441431
441942
442231
442313
442714
442732
442810
443253
443348
443737
443788
443941
444083
444125
444569
444798
446221
446436
446771
446872
447247
447256
447329
447499
447608
447700
447904
448844
449010
449015
449169
449463
449631
449948
450007
450260
451074
451638
451768
451865
452144
452259
452484
452926
452954
453222
453501
453512
454558
455203
455315
455469
455719
455725
455925
455979
455998
456085
456401
456778
456819
457623
457907
457937
458364
458448
459431
459490
459528
459581
459709
459997
460076
460561
461026
461309
461482
461932
461981
463661
464475
464489
465034
465199
465290
465291
465782
465910
466263
466282
466448
466495
466610
466812
467194
467234
467572
468550
468838
468869
469323
470097
470108
470521
470910
471008
471731
471819
471821
472170
472384
472589
473161
473504
473783
473997
474097
474339
474657
475168
475315
475741
476869
476994
477009
477085
477174
477600
478015
478093
478654
478763
479763
480829
480883
480932
481049
481626
482044
482092
482815
483112
483276
483721
483798
483926
484457
484695
486454
487093
487672
487757
487932
487949
488799
488994
489180
489757
489986
490020
491338
491434
491804
491805
492551
493140
493702
493810
495007
495695
496373
496942
496996
497304
497757
498658
499577
499767
500186
500473
500594
500667
501232
501906
502920
502984
503211
503869
503948
504895
505236
505705
506628
507017
508072
508553
510531
511390
511998
512277
512863
514166
514460
514618
515836
516121
516207
516291
518363
518528
519523
521324
522597
523076
525543
528300
528866
530058
530825
534726
535127
535138
537417
540026
543166
545912
548081
555130
556477
556829
557045
557539
564072
1189091
1202863
1203694
1204687
1204851
1206965
1208726
1209303
1209940
1213716
1214100
1214207
1214691
1217299
1217860
1218065
1219154
1219410
1221922
1223022
1230930
1232191
1232518
1233978
1235000
1235853
1237524
1242798
1250256
1270795
1271508
1271598
1273446
1296266
1707899
1708573
1708623
1709559
1710710
1712042
1714682
1714774
1714869
1715695
1716419
1717381
1718048
1722081
1722799
1723501
1724272
1729347
1729838
1731922
1732221
1735335
1739942
1740750
1742769
1744360
1755211
1759458
1759662
2003828
2149178
2151447
2152655
2154794
2155390
2155649
2157656
2157688
2158316
2158618
2158747
2162951
2163515
2163590
2167030
2190865
2198373
2205120
2205920
183351
183388
184693
185227
185377
186508
186686
187004
187027
187170
187535
187728
188185
188736
189397
190833
191512
191572
192369
192635
192874
192891
193045
193173
193649
194116
194518
195716
196049
196086
196453
197665
198554
200755
201086
201896
201903
203464
203616
204532
207305
207395
208200
209676
210362
211206
213705
214877
215726
215774
216290
220391
221295
221689
223136
224500
225947
229987
231813
265659
421061
421226
421244
421407
421466
421493
421661
421845
421913
422112
422310
422352
422479
422903
423119
423332
423383
423958
424037
424083
424158
424182
424311
424386
424592
424685
424782
424812
424838
425227
425355
425528
425716
425941
425943
426269
426892
426913
427319
427909
428240
428371
428533
428622
428687
428721
429067
429159
429359
429368
429763
429947
430086
430342
430484
430757
430763
430819
430832
430861
430952
430973
431412
431419
431644
431781
431892
431939
432041
432208
432255
432438
432594
432807
433251
433319
433393
433438
433725
433815
434175
434322
434565
434805
435063
435165
435414
435660
436231
436260
436273
436458
436499
436815
436842
436889
436893
437329
438024
438129
438264
438431
438485
438720
438731
438853
438886
439032
439420
439495
439522
439557
439829
440170
440176
440337
441208
441270
441292
441477
441496
441499
441651
441714
441920
442011
442140
442230
442337
442350
442429
442527
442534
442657
442666
442692
443296
443332
443777
444190
444246
444380
444535
444555
444639
444710
444758
445184
445286
445740
445830
446312
446471
446517
446772
447104
447151
447641
447814
448102
448330
448611
449147
449291
449514
450277
450418
450498
450504
450507
450888
451048
451170
451211
451341
451342
451549
451694
451909
451944
452128
452276
452453
452564
452612
452856
453086
453156
453307
453416
453476
453489
453555
453829
453852
453867
453928
454103
454899
454928
455148
455153
455224
455314
455342
455446
455656
455839
455971
456124
456200
456753
456850
457042
457780
458114
458306
458343
458644
458849
458939
460601
461086
461190
461741
462365
463005
463160
463224
463394
463687
463781
464157
464915
465013
465049
465311
465408
465748
465809
465933
466019
466697
466706
466970
467091
467773
467846
467885
467933
468162
468487
468707
469179
469693
469799
470246
470348
470515
470719
471109
471117
471836
472008
473109
473351
474051
474075
474396
474456
474460
474809
474955
475669
475997
476506
476522
476608
477127
477991
478420
478648
479348
479854
479879
480303
480784
482279
482345
483138
484187
484195
484587
484785
485694
485777
486423
486599
486608
486854
487028
487096
487231
487487
487920
488754
489354
489912
490145
490409
491131
491258
491371
491386
491671
492519
493373
493545
493786
494224
494462
495053
495346
495425
495582
496375
497039
497229
498319
498474
498602
499381
499414
499483
499726
499995
500044
500761
500861
501564
502414
502462
503318
503860
504966
505712
507924
508368
509204
509312
509627
509775
509942
510414
510784
510992
511385
511927
512519
512647
513114
513667
514212
514635
514792
515359
517781
517872
517939
517959
520212
522520
523552
523951
523982
524171
527344
527541
528151
528943
532312
534667
535247
535491
535694
536558
543566
552398
554518
555128
555848
556375
556681
556724
556830
557932
558068
560234
560915
560995
563608
565887
568647
569305
571190
1202290
1203349
1206060
1207986
1209454
1209647
1215720
1218351
1220957
1225747
1228456
1230502
1231071
1236905
1237572
1238713
1238909
1242653
1243809
1255743
1263512
1272138
1291524
1293151
1314219
1694459
1707338
1708864
1711038
1711516
1712535
1713182
1713874
1714269
1714769
1714987
1717198
1717351
1718294
1718319
1719477
1719817
1722170
1722740
1723918
1724226
1727303
1728848
1729302
1731763
1732069
1732446
1733251
1733776
1733861
1735375
1735751
1736124
1739889
1742455
1742737
1742745
1750607
1751388
2148664
2150961
2151090
2152069
2152108
2152496
2152842
2155462
2155466
2155793
2155839
2156313
2157780
2157800
2158313
2159047
2159125
2159257
2160722
2160887
2161267
2161691
2162186
2162312
2162603
2164337
2167482
2191182
2198577
2205924
2207526
183024
183069
183080
183089
183095
183099
183101
183120
183143
183150
183165
183184
183205
183217
183256
183258
183294
183298
183337
183393
183424
183466
183468
183520
183621
183628
183642
183656
183658
183674
183675
183696
183707
183708
183713
183716
183733
183746
183789
183795
183813
183814
183855
183870
183926
183928
183929
183938
183991
184018
184085
184093
184099
184126
184167
184184
184207
184213
184281
184309
184352
184396
184464
184467
184496
184506
184514
184563
184613
184641
184659
184682
184704
184751
184763
184771
184791
184808
184840
184847
184871
184876
184881
184886
184896
184908
184921
184952
184959
184971
185025
185078
185149
185154
185178
185190
185210
185212
185215
185259
185288
185293
185303
185305
185337
185363
185402
185405
185411
185418
185439
185470
185491
185659
185686
185695
185699
185714
185760
185780
185787
185816
185823
185847
185896
185950
186053
186096
186097
186108
186130
186135
186145
186147
186165
186191
186195
186247
186291
186327
186333
186455
186466
186482
186519
186570
186613
186629
186634
186646
186648
186670
186685
186688
186710
186728
186729
186769
186808
186829
186853
186854
186859
186872
186879
186893
186901
186989
187000
187013
187017
187028
187033
187072
187075
187128
187139
187154
187212
187219
187242
187268
187272
187318
187368
187389
187412
187431
187510
187548
187557
187567
187580
187602
187605
187657
187690
187703
187772
187898
187927
187979
187982
187986
188029
188059
188082
188097
188119
188130
188167
188172
188186
188218
188232
188263
188304
188305
188317
188332
188357
188388
188392
188401
188414
188437
188441
188460
188474
188491
188513
188550
188558
188577
188581
188607
188609
188613
188688
188752
188754
188760
188766
188782
188784
188788
188789
188790
188801
188822
188824
188850
188878
188883
188890
188916
188976
188978
189007
189036
189038
189057
189089
189126
189175
189176
189177
189192
189201
189210
189226
189244
189260
189294
189301
189317
189339
189342
189351
189369
189378
189439
189443
189478
189498
189507
189521
189530
189578
189585
189646
189655
189662
189669
189672
189700
189706
189712
189736
189743
189767
189824
189842
189862
189868
189871
189879
189882
189884
189900
189915
189921
189941
189964
189971
190022
190043
190049
190074
190084
190089
190113
190116
190136
190137
190178
190179
190190
190222
190232
190235
190240
190254
190263
190266
190282
190328
190331
190366
190397
190456
190477
190563
190586
190592
190597
190602
190628
190663
190697
190706
190709
190714
190733
190742
190747
190768
190769
190775
190777
190800
190804
190811
190832
190851
190852
190870
190957
190966
191002
191026
191060
191080
191101
191111
191250
191254
191267
191286
191299
191303
191335
191359
191370
191389
191443
191449
191517
191525
191533
191535
191610
191635
191640
191682
191694
191729
191742
191754
191785
191803
191828
191859
191864
191879
191920
191932
191934
191949
191995
191999
192003
192025
192026
192072
192098
192119
192125
192171
192216
192227
192283
192310
192328
192366
192398
192420
192427
192454
192462
192463
192470
192476
192487
192511
192531
192536
192552
192573
192578
192615
192620
192658
192684
192708
192709
192761
192825
192838
192881
192885
192904
192927
193033
193083
193167
193181
193241
193308
193371
193399
193409
193449
193467
193505
193542
193593
193607
193611
193625
193628
193631
193669
193685
193704
193712
193738
193745
193781
193821
193833
193851
193864
193934
193954
193998
194020
194034
194037
194045
194049
194082
194098
194184
194187
194212
194215
194229
194282
194325
194327
194330
194336
194337
194362
194366
194370
194395
194407
194430
194485
194527
194531
194559
194578
194583
194657
194666
194675
194705
194722
194740
194743
194752
194794
194817
194826
194831
194835
194908
194929
194957
195016
195059
195128
195143
195163
195203
195209
195218
195249
195263
195285
195303
195348
195366
195374
195392
195415
195441
195466
195518
195549
195568
195607
195640
195663
195693
195703
195750
195755
195760
195775
195780
195788
195801
195826
195858
195866
195895
195935
195940
195960
196035
196054
196072
196095
196103
196133
196171
196228
196229
196264
196304
196330
196341
196352
196433
196444
196456
196492
196551
196594
196612
196656
196672
196687
196694
196720
196786
196821
196832
196834
196849
196850
196870
196880
196888
196919
196983
197001
197004
197057
197059
197199
197208
197222
197242
197277
197291
197307
197359
197361
197390
197425
197449
197544
197619
197624
197632
197664
197687
197692
197695
197700
197753
197797
197800
197841
197856
197859
197880
197895
197903
197952
197968
197970
198017
198042
198044
198052
198088
198179
198213
198238
198265
198269
198273
198318
198353
198354
198414
198423
198460
198469
198472
198476
198528
198563
198669
198685
198694
198751
198789
198809
198892
198893
198982
198995
199003
199006
199015
199016
199025
199056
199082
199117
199128
199182
199262
199280
199286
199304
199308
199313
199319
199346
199347
199374
199443
199485
199545
199555
199561
199604
199627
199650
199690
199811
199876
199895
199908
199923
199941
199950
199956
199958
199959
199960
199965
200003
200031
200063
200085
200094
200136
200150
200203
200210
200239
200243
200270
200312
200338
200353
200361
200365
200424
200646
200650
200676
200682
200777
200817
200863
200879
200954
200961
200976
200979
200994
201007
201092
201119
201163
201176
201205
201264
201279
201287
201299
201351
201432
201436
201467
201469
201546
201581
201615
201626
201742
201771
201800
201814
201819
201821
202020
202037
202082
202097
202114
202157
202179
202186
202240
202262
202273
202274
202279
202339
202412
202450
202459
202506
202526
202583
202756
202822
202824
202846
202852
202853
202861
202874
202875
203047
203065
203069
203075
203163
203200
203219
203274
203317
203349
203399
203424
203431
203435
203482
203525
203561
203601
203604
203648
203730
203750
203766
203800
203821
203833
203857
203859
203909
203934
203967
204119
204136
204146
204148
204210
204216
204220
204274
204363
204385
204387
204418
204421
204425
204448
204453
204468
204685
204934
204954
204988
205024
205035
205039
205071
205133
205152
205153
205248
205279
205349
205396
205436
205459
205555
205600
205647
205703
205704
205713
205764
205781
205921
205972
206096
206099
206107
206125
206155
206240
206299
206353
206423
206427
206443
206517
206583
206607
206636
206672
206684
206696
206756
206775
206785
206844
207114
207120
207142
207235
207297
207339
207340
207351
207409
207415
207471
207492
207502
207539
207617
207691
207707
207837
207859
207890
207896
207911
207930
207932
207935
207948
207957
207969
208000
208051
208085
208093
208106
208182
208217
208288
208390
208477
208487
208555
208598
208685
208731
208751
208860
208924
208944
209063
209068
209073
209085
209128
209142
209209
209252
209289
209296
209311
209389
209410
209455
209469
209506
209606
209610
209634
209669
209679
209697
209704
209712
209717
209759
209771
209792
209910
209999
210012
210041
210295
210318
210322
210331
210334
210336
210495
210538
210555
210670
210681
210705
210733
210838
210892
210982
211050
211059
211116
211221
211258
211298
211305
211350
211440
211564
211631
211657
211692
211702
211724
211790
211801
211840
211869
212018
212021
212059
212119
212184
212227
212290
212326
212355
212416
212436
212537
212545
212574
212611
212628
212651
212692
212714
212748
212852
212868
212902
213089
213149
213153
213296
213297
213357
213365
213389
213430
213438
213453
213510
213560
213569
213598
213619
213634
213643
213698
213735
213806
213852
213866
213912
213947
214078
214087
214366
214371
214583
214586
214629
214631
214668
214703
214737
214754
214791
214919
215006
215014
215206
215242
215335
215384
215524
215564
215577
215686
215690
215789
215790
215799
215917
215932
215990
216071
216105
216122
216279
216429
216604
216617
216624
216701
216724
216777
216786
216839
216950
217000
217035
217176
217186
217354
217431
217606
217699
217734
217761
217770
217805
217857
217858
217884
217889
217911
217941
217974
218082
218248
218250
218348
218528
218529
218543
218549
218576
218652
218694
218784
218850
218970
218984
218995
219026
219051
219052
219056
219110
219235
219279
219372
219382
219475
219500
219579
219631
219676
219962
220138
220261
220321
220478
220572
220668
220744
220974
220987
221243
221255
221514
221576
221578
221696
221739
221740
221797
221817
221891
222399
222577
222661
222804
222857
222929
222943
222945
223150
223313
223368
223480
223591
223615
223723
223747
223794
223809
223839
223983
224139
224187
224224
224261
224356
224452
224511
224615
224640
224643
224719
224807
224879
225173
225214
225321
225389
225481
225669
225751
225761
225811
226074
226202
226205
226388
226876
227430
227545
227597
227613
227646
227800
227935
228027
228309
228389
228593
228806
228853
229309
229505
229546
229844
230130
230253
230465
230495
230546
230843
230980
231004
231043
231107
231215
231263
231312
231425
231485
231560
231632
231750
231904
232178
232222
232905
233869
233971
234320
234346
234523
235230
235590
235682
236590
236657
237030
238920
238942
239215
239629
240283
251475
251650
251837
252456
252616
252754
252982
253431
253532
253561
254065
254144
254629
255329
255757
256249
256319
256900
257454
258244
258299
259174
259205
259663
259686
261358
262885
262936
263749
421031
421037
421060
421071
421079
421092
421121
421123
421129
421136
421150
421151
421157
421166
421170
421176
421183
421191
421193
421195
421205
421225
421232
421236
421260
421275
421294
421304
421328
421338
421350
421366
421376
421379
421424
421434
421437
421443
421457
421460
421465
421483
421542
421543
421544
421569
421572
421575
421592
421644
421658
421663
421668
421673
421688
421691
421702
421712
421713
421729
421752
421760
421775
421781
421786
421816
421820
421827
421840
421843
421866
421868
421871
421878
421893
421899
421908
421926
421929
421952
421966
421978
421981
421991
421993
421995
421999
422012
422021
422040
422044
422053
422068
422070
422082
422105
422107
422115
422136
422137
422147
422157
422170
422198
422202
422211
422213
422227
422236
422241
422245
422250
422266
422268
422269
422275
422279
422283
422289
422298
422309
422317
422324
422332
422334
422355
422404
422406
422409
422416
422418
422431
422433
422441
422443
422447
422449
422470
422471
422476
422482
422493
422498
422505
422513
422515
422518
422528
422530
422534
422545
422547
422582
422583
422584
422587
422591
422597
422598
422601
422609
422621
422627
422628
422632
422650
422656
422689
422696
422699
422704
422708
422715
422717
422719
422724
422739
422741
422754
422770
422779
422792
422835
422836
422858
422861
422866
422869
422880
422886
422887
422910
422917
422918
422928
422932
422940
422945
422962
422994
422999
423004
423008
423011
423019
423020
423027
423030
423035
423041
423079
423096
423097
423099
423112
423139
423154
423159
423177
423179
423183
423191
423192
423194
423215
423223
423224
423241
423270
423273
423284
423301
423303
423307
423311
423312
423340
423357
423406
423409
423411
423412
423418
423419
423447
423449
423453
423464
423466
423485
423486
423497
423508
423518
423530
423535
423536
423549
423554
423577
423587
423588
423605
423613
423615
423621
423632
423642
423649
423651
423659
423666
423690
423706
423713
423714
423723
423763
423778
423790
423791
423795
423801
423821
423835
423853
423854
423866
423871
423879
423899
423907
423921
423926
423928
423932
423946
423970
423994
424024
424033
424034
424039
424086
424096
424105
424109
424110
424112
424115
424122
424129
424130
424134
424162
424169
424191
424212
424220
424235
424251
424256
424257
424260
424261
424262
424288
424325
424345
424380
424383
424393
424394
424405
424429
424441
424447
424450
424454
424487
424503
424523
424549
424550
424565
424600
424613
424620
424626
424627
424633
424635
424641
424650
424653
424663
424678
424734
424745
424765
424780
424784
424799
424807
424817
424831
424839
424844
424854
424867
424877
424878
424881
424913
424917
424943
424982
425005
425034
425044
425047
425058
425062
425066
425073
425090
425111
425118
425148
425150
425174
425190
425198
425225
425248
425268
425272
425277
425286
425289
425290
425303
425309
425310
425328
425349
425361
425363
425374
425391
425412
425426
425438
425439
425441
425472
425475
425482
425497
425500
425509
425523
425526
425541
425543
425552
425561
425562
425563
425568
425569
425607
425608
425612
425618
425632
425635
425644
425659
425663
425668
425675
425685
425697
425701
425717
425721
425724
425755
425790
425799
425802
425832
425844
425852
425901
425906
425911
425913
425931
425938
425963
425971
425978
425981
426001
426009
426025
426027
426034
426035
426044
426049
426061
426072
426091
426105
426136
426137
426140
426144
426145
426154
426156
426160
426202
426203
426216
426217
426224
426236
426237
426250
426252
426260
426271
426282
426283
426289
426305
426317
426319
426322
426344
426351
426356
426359
426361
426383
426392
426394
426402
426409
426412
426428
426432
426440
426445
426456
426465
426474
426492
426495
426510
426532
426557
426560
426578
426579
426587
426588
426613
426615
426620
426653
426654
426664
426677
426682
426695
426699
426705
426714
426724
426732
426752
426753
426770
426776
426777
426792
426803
426810
426811
426833
426834
426839
426851
426860
426866
426870
426872
426885
426887
426906
426927
426929
426937
426949
426951
426954
426969
426971
426992
426994
427001
427004
427010
427016
427022
427036
427051
427056
427061
427088
427093
427094
427097
427108
427114
427135
427140
427143
427154
427155
427183
427187
427206
427216
427256
427273
427300
427308
427310
427321
427326
427329
427330
427344
427347
427357
427371
427374
427399
427413
427432
427439
427445
427451
427462
427483
427491
427492
427516
427522
427543
427552
427591
427594
427614
427635
427648
427660
427662
427676
427685
427692
427696
427702
427709
427735
427745
427769
427779
427783
427788
427793
427803
427836
427842
427851
427878
427879
427896
427898
427902
427929
427933
427935
427953
427956
427969
427973
428000
428002
428005
428014
428028
428036
428045
428049
428054
428086
428122
428138
428161
428168
428177
428189
428211
428215
428238
428245
428262
428295
428308
428311
428318
428332
428345
428354
428366
428373
428406
428411
428413
428421
428446
428461
428476
428492
428495
428499
428504
428506
428517
428524
428535
428562
428577
428579
428580
428582
428599
428617
428618
428634
428653
428668
428672
428676
428684
428688
428700
428748
428760
428761
428768
428771
428787
428792
428806
428810
428813
428825
428836
428837
428884
428892
428908
428909
428946
428950
428952
428961
428969
428981
428996
429000
429012
429014
429017
429044
429062
429070
429106
429109
429113
429121
429146
429150
429165
429191
429192
429205
429229
429253
429285
429296
429304
429311
429315
429344
429396
429404
429426
429448
429450
429469
429487
429521
429522
429534
429535
429543
429546
429549
429577
429578
429588
429603
429640
429652
429661
429691
429698
429744
429770
429776
429777
429780
429798
429820
429841
429848
429860
429895
429897
429914
429920
429938
429950
429963
429964
429969
429977
429994
430013
430027
430031
430033
430053
430073
430075
430078
430081
430096
430103
430142
430166
430177
430192
430206
430213
430222
430227
430237
430266
430284
430293
430298
430302
430308
430329
430339
430357
430385
430420
430448
430456
430476
430533
430561
430575
430589
430601
430603
430610
430618
430627
430633
430638
430641
430672
430686
430697
430702
430703
430704
430712
430713
430734
430749
430759
430760
430761
430773
430785
430792
430794
430811
430829
430849
430854
430881
430886
430892
430916
430919
430928
430931
430942
430954
430965
430967
430974
430979
430993
431049
431054
431062
431078
431083
431095
431119
431122
431143
431149
431160
431172
431177
431201
431213
431218
431232
431273
431277
431301
431302
431304
431305
431306
431307
431324
431345
431346
431356
431364
431371
431375
431390
431403
431407
431420
431433
431454
431456
431462
431465
431468
431472
431473
431506
431526
431532
431550
431577
431586
431594
431595
431615
431639
431642
431643
431671
431685
431694
431696
431702
431707
431714
431724
431725
431731
431748
431782
431787
431790
431793
431820
431834
431835
431848
431867
431887
431889
431891
431925
431926
431935
431961
431966
431985
431991
432011
432015
432042
432048
432051
432060
432077
432089
432192
432196
432197
432198
432211
432212
432243
432248
432253
432292
432296
432297
432325
432342
432343
432344
432381
432391
432392
432425
432451
432467
432479
432483
432578
432589
432613
432617
432637
432660
432674
432684
432699
432729
432732
432757
432766
432775
432777
432796
432799
432804
432814
432817
432871
432876
432877
432879
432891
432907
432941
432944
432970
433013
433026
433046
433055
433071
433079
433083
433087
433102
433105
433128
433143
433154
433183
433205
433249
433256
433271
433292
433294
433299
433301
433304
433307
433318
433358
433369
433385
433387
433392
433404
433424
433435
433437
433441
433462
433479
433480
433502
433504
433516
433531
433546
433548
433570
433602
433635
433643
433649
433665
433673
433685
433699
433706
433783
433792
433796
433805
433813
433882
433887
433896
433903
433918
433922
433926
433931
433952
433953
433987
434011
434018
434023
434055
434065
434090
434092
434098
434110
434112
434116
434127
434154
434160
434163
434164
434173
434197
434208
434221
434232
434262
434271
434299
434303
434316
434337
434342
434371
434385
434400
434405
434415
434441
434446
434475
434498
434511
434516
434527
434536
434537
434552
434564
434583
434597
434600
434618
434628
434633
434663
434703
434714
434720
434729
434733
434749
434752
434772
434782
434787
434794
434795
434796
434798
434812
434818
434821
434823
434830
434844
434869
434877
434917
434927
434933
434943
434948
434956
434963
434991
434995
435025
435048
435049
435058
435077
435085
435092
435119
435126
435157
435160
435175
435180
435181
435196
435197
435200
435204
435218
435223
435227
435231
435242
435250
435287
435291
435296
435298
435302
435318
435335
435344
435353
435356
435360
435374
435375
435384
435387
435403
435428
435438
435444
435450
435459
435461
435467
435479
435488
435493
435505
435507
435512
435520
435522
435552
435553
435586
435589
435592
435597
435616
435696
435697
435698
435704
435709
435714
435736
435741
435756
435768
435802
435803
435815
435816
435818
435821
435822
435847
435859
435867
435873
435892
435923
435946
435947
435957
435977
435980
435985
436003
436025
436062
436065
436102
436109
436122
436145
436173
436197
436226
436228
436235
436245
436268
436276
436295
436301
436341
436357
436362
436383
436402
436428
436431
436447
436493
436524
436526
436563
436601
436610
436648
436651
436652
436692
436693
436696
436704
436720
436721
436734
436742
436750
436754
436763
436778
436783
436787
436809
436829
436835
436903
436908
436920
436938
436951
436960
436962
436973
436977
436980
436997
436998
437009
437018
437035
437075
437095
437113
437130
437140
437165
437173
437191
437199
437207
437214
437222
437230
437233
437245
437291
437297
437300
437345
437354
437360
437361
437371
437375
437377
437381
437382
437401
437404
437407
437413
437421
437426
437479
437507
437533
437542
437549
437564
437565
437567
437576
437599
437606
437627
437644
437657
437672
437687
437706
437711
437719
437722
437733
437745
437746
437763
437785
437790
437809
437814
437819
437823
437849
437850
437858
437869
437872
437882
437892
437901
437902
437907
437917
437927
437930
437939
437942
437946
437949
437969
437990
438003
438009
438021
438037
438051
438055
438056
438067
438081
438100
438105
438112
438114
438141
438152
438161
438170
438181
438182
438191
438205
438233
438254
438256
438268
438295
438303
438316
438330
438336
438340
438350
438352
438374
438379
438413
438428
438440
438450
438453
438490
438494
438505
438519
438535
438583
438600
438623
438633
438669
438676
438681
438683
438710
438719
438727
438743
438744
438759
438766
438772
438773
438775
438815
438820
438830
438835
438859
438860
438861
438866
438878
438881
438940
438941
438994
438998
439005
439034
439039
439046
439057
439064
439076
439084
439085
439088
439122
439125
439144
439152
439171
439182
439187
439206
439224
439233
439247
439255
439258
439261
439273
439284
439291
439318
439320
439337
439339
439348
439360
439362
439385
439398
439399
439403
439407
439417
439438
439457
439465
439489
439490
439501
439503
439512
439518
439526
439531
439533
439535
439542
439553
439560
439579
439587
439589
439595
439600
439610
439626
439632
439642
439654
439662
439668
439687
439695
439701
439708
439723
439725
439752
439754
439782
439797
439802
439814
439845
439860
439866
439873
439880
439886
439911
439917
439924
439930
439947
439967
439970
439982
439991
440005
440008
440013
440017
440020
440022
440023
440024
440025
440028
440029
440054
440080
440099
440102
440106
440107
440116
440117
440122
440127
440132
440136
440137
440146
440151
440152
440154
440161
440166
440171
440178
440182
440198
440201
440223
440224
440226
440248
440272
440275
440286
440292
440299
440328
440329
440338
440340
440361
440366
440372
440376
440389
440390
440404
440410
440416
440420
440433
440445
440446
440468
440477
440487
440489
440505
440511
440514
440519
440555
440558
440565
440573
440594
440615
440632
440635
440642
440653
440655
440669
440678
440680
440700
440706
440728
440742
440758
440763
440802
440810
440818
440848
440850
440880
440888
440916
440988
440995
440997
441029
441031
441032
441054
441055
441087
441099
441103
441111
441124
441142
441156
441160
441163
441170
441173
441175
441189
441192
441198
441199
441213
441248
441250
441271
441275
441279
441298
441325
441328
441334
441369
441372
441386
441403
441407
441412
441414
441435
441495
441510
441512
441514
441518
441519
441521
441526
441548
441552
441556
441565
441603
441605
441611
441613
441626
441636
441644
441645
441647
441660
441668
441706
441716
441738
441762
441771
441784
441796
441840
441866
441875
441878
441879
441908
441910
441912
441916
441939
441944
441956
441962
441964
441973
441980
441990
441993
441996
442002
442010
442012
442019
442026
442027
442036
442041
442044
442047
442050
442056
442068
442076
442079
442087
442092
442094
442098
442120
442131
442144
442148
442156
442164
442179
442183
442196
442212
442218
442233
442242
442243
442252
442297
442298
442307
442319
442341
442354
442355
442381
442389
442408
442437
442440
442448
442456
442457
442468
442490
442504
442505
442525
442531
442532
442533
442541
442547
442553
442573
442575
442614
442620
442654
442665
442673
442676
442679
442687
442688
442693
442710
442712
442749
442756
442765
442787
442793
442804
442805
442812
442830
442845
442848
442854
442856
442861
442907
442936
442960
442976
442979
442985
442995
443018
443023
443048
443056
443081
443085
443093
443098
443105
443122
443133
443137
443145
443148
443158
443161
443187
443211
443215
443234
443238
443243
443252
443261
443286
443287
443291
443310
443315
443326
443343
443369
443370
443388
443422
443430
443457
443472
443479
443487
443519
443531
443561
443603
443611
443618
443647
443664
443688
443689
443693
443698
443708
443711
443722
443742
443747
443753
443762
443763
443768
443807
443830
443846
443866
443880
443886
443895
443896
443903
443918
443923
443930
443955
443968
443985
443987
443988
443995
444000
444012
444024
444030
444035
444045
444061
444062
444073
444088
444097
444104
444108
444124
444144
444153
444167
444173
444181
444192
444194
444195
444197
444202
444226
444253
444258
444277
444287
444290
444295
444297
444301
444307
444317
444321
444325
444338
444360
444370
444376
444391
444395
444404
444406
444408
444416
444419
444447
444454
444471
444472
444510
444513
444527
444537
444547
444553
444578
444582
444597
444604
444633
444644
444645
444649
444676
444688
444695
444697
444725
444740
444755
444786
444822
444828
444841
444864
444866
444870
444888
444890
444914
444919
444924
444956
444958
444961
444965
444990
444993
444995
445015
445041
445044
445047
445078
445110
445119
445127
445128
445138
445156
445162
445165
445167
445168
445178
445204
445220
445223
445231
445244
445251
445252
445257
445259
445260
445263
445272
445297
445308
445328
445332
445362
445383
445404
445410
445416
445417
445453
445469
445488
445505
445530
445539
445554
445556
445587
445633
445638
445654
445658
445711
445726
445735
445736
445775
445790
445792
445811
445823
445825
445834
445869
445881
445883
445887
445933
445934
445948
445967
445968
445980
445982
445983
445991
445996
446007
446009
446010
446042
446048
446052
446068
446096
446109
446122
446125
446146
446152
446153
446162
446187
446196
446210
446232
446241
446306
446308
446321
446355
446364
446382
446404
446418
446423
446435
446437
446444
446445
446452
446467
446473
446477
446503
446504
446544
446545
446553
446577
446580
446597
446600
446612
446614
446615
446703
446732
446745
446843
446865
446880
446933
446944
446954
446964
446969
446974
446975
446992
446998
447001
447019
447038
447066
447078
447085
447088
447093
447118
447137
447142
447167
447176
447198
447201
447204
447205
447218
447225
447238
447250
447253
447254
447266
447298
447302
447308
447310
447372
447429
447450
447454
447461
447490
447536
447551
447592
447609
447650
447681
447687
447695
447712
447717
447747
447751
447755
447758
447769
447777
447779
447805
447820
447825
447827
447850
447865
447911
447915
447918
447929
447935
447945
447958
447960
447976
447981
447993
447994
448001
448004
448010
448014
448019
448046
448065
448068
448077
448119
448125
448134
448138
448141
448146
448157
448164
448171
448178
448186
448188
448198
448199
448225
448228
448243
448244
448275
448286
448288
448306
448316
448333
448336
448347
448354
448360
448369
448400
448407
448409
448438
448440
448446
448470
448526
448530
448534
448570
448576
448592
448616
448646
448649
448650
448670
448679
448684
448704
448724
448727
448730
448735
448754
448758
448762
448770
448796
448797
448802
448809
448818
448819
448826
448833
448837
448839
448848
448855
448871
448897
448898
448922
448927
448975
448979
449004
449023
449026
449027
449028
449046
449056
449075
449089
449114
449132
449158
449160
449178
449204
449210
449221
449232
449257
449262
449290
449356
449358
449368
449369
449412
449427
449431
449439
449442
449488
449495
449502
449512
449529
449536
449538
449542
449557
449566
449579
449616
449628
449653
449654
449665
449684
449693
449752
449767
449768
449787
449793
449806
449812
449813
449846
449864
449888
449911
449926
449966
449998
450036
450054
450072
450078
450092
450094
450099
450114
450122
450190
450191
450193
450203
450210
450215
450233
450239
450245
450251
450266
450284
450310
450316
450319
450320
450329
450336
450350
450363
450434
450437
450439
450447
450476
450481
450483
450488
450516
450583
450595
450602
450608
450611
450618
450619
450632
450633
450650
450658
450668
450714
450730
450741
450748
450758
450773
450797
450806
450820
450825
450872
450874
450882
450887
450894
450903
450951
450955
450984
450992
451022
451029
451034
451064
451066
451067
451086
451090
451113
451117
451118
451120
451132
451135
451144
451153
451159
451165
451171
451176
451179
451199
451205
451223
451235
451249
451289
451290
451327
451346
451353
451356
451363
451382
451387
451392
451397
451398
451406
451416
451438
451447
451453
451457
451480
451482
451496
451524
451536
451558
451559
451583
451608
451609
451630
451645
451654
451668
451674
451701
451752
451758
451798
451800
451801
451807
451824
451833
451838
451864
451916
451930
451932
451950
451956
451998
452016
452027
452031
452040
452049
452060
452068
452073
452080
452097
452112
452137
452154
452168
452181
452203
452207
452228
452232
452264
452269
452296
452304
452324
452326
452362
452364
452377
452380
452399
452412
452418
452425
452461
452497
452506
452509
452524
452529
452553
452558
452577
452580
452587
452593
452625
452633
452647
452652
452657
452668
452670
452674
452675
452680
452685
452690
452694
452695
452699
452705
452710
452724
452751
452752
452754
452776
452789
452795
452811
452819
452823
452838
452868
452884
452903
452908
452978
452982
452983
452990
453002
453003
453006
453013
453018
453029
453041
453049
453061
453068
453082
453088
453095
453101
453132
453141
453167
453194
453218
453243
453249
453270
453313
453325
453333
453335
453337
453343
453360
453381
453384
453387
453404
453414
453430
453445
453456
453469
453475
453488
453497
453500
453507
453517
453518
453520
453525
453538
453543
453545
453547
453552
453573
453598
453600
453603
453607
453614
453635
453647
453656
453665
453673
453727
453736
453737
453746
453795
453820
453825
453868
453885
453939
453949
453969
453982
453985
453991
454013
454060
454071
454089
454097
454128
454150
454151
454164
454176
454179
454185
454197
454221
454222
454233
454271
454288
454305
454322
454355
454377
454388
454416
454418
454429
454434
454456
454461
454476
454496
454499
454509
454530
454531
454532
454588
454591
454609
454619
454620
454625
454637
454644
454664
454713
454728
454735
454737
454740
454781
454783
454794
454796
454817
454828
454873
454885
454929
454941
454953
454955
454976
454996
455010
455020
455044
455045
455054
455059
455060
455079
455103
455138
455140
455165
455228
455237
455272
455301
455302
455311
455321
455346
455357
455361
455391
455394
455395
455407
455408
455437
455463
455464
455467
455470
455484
455487
455495
455496
455497
455531
455547
455548
455625
455631
455665
455685
455693
455752
455771
455780
455795
455832
455844
455852
455854
455871
455885
455887
455900
455904
455911
455967
455985
455988
456010
456058
456067
456116
456135
456141
456152
456156
456160
456164
456166
456168
456170
456173
456174
456182
456189
456250
456279
456298
456336
456348
456366
456376
456389
456394
456419
456441
456443
456459
456496
456536
456537
456551
456565
456592
456597
456603
456632
456638
456640
456647
456672
456680
456684
456686
456699
456711
456736
456757
456776
456797
456813
456816
456817
456822
456875
456880
456901
456908
456910
456915
456926
456927
456950
456997
457019
457043
457057
457061
457064
457075
457077
457078
457096
457109
457125
457132
457145
457153
457179
457200
457241
457295
457304
457310
457322
457359
457363
457397
457400
457427
457441
457460
457491
457505
457525
457527
457535
457555
457568
457600
457611
457612
457621
457632
457637
457643
457661
457684
457692
457699
457702
457717
457735
457763
457822
457825
457871
457881
457889
457898
457903
457905
457920
457986
458000
458005
458019
458044
458086
458098
458107
458123
458131
458136
458145
458162
458166
458204
458205
458228
458242
458255
458264
458309
458313
458320
458335
458337
458349
458368
458381
458394
458398
458455
458481
458486
458493
458504
458510
458523
458532
458564
458586
458608
458610
458616
458624
458677
458699
458722
458723
458726
458733
458738
458752
458769
458788
458789
458800
458807
458816
458832
458842
458851
458899
458900
458903
458908
458930
458931
458938
458943
458953
458960
458965
458973
458977
459043
459056
459070
459073
459087
459103
459111
459117
459130
459147
459159
459169
459184
459187
459193
459260
459261
459284
459336
459346
459359
459411
459428
459457
459466
459482
459510
459521
459547
459555
459586
459587
459600
459604
459650
459663
459675
459734
459735
459750
459759
459768
459774
459784
459787
459866
459868
459874
459885
459889
459892
459894
459901
459910
459924
459934
459935
459946
459953
459971
459999
460001
460004
460008
460038
460043
460085
460129
460130
460147
460163
460184
460214
460232
460235
460252
460268
460278
460283
460330
460348
460364
460379
460401
460431
460520
460538
460547
460555
460556
460568
460569
460598
460680
460731
460743
460752
460781
460810
460833
460837
460842
460855
460858
460860
460867
460869
460907
460973
460975
460985
461027
461094
461099
461141
461142
461146
461152
461202
461231
461275
461323
461348
461355
461376
461381
461388
461399
461410
461432
461483
461488
461498
461501
461502
461508
461511
461537
461585
461626
461628
461629
461631
461633
461636
461644
461650
461657
461662
461684
461691
461696
461714
461753
461763
461780
461798
461805
461879
461898
461906
461914
461928
461931
461943
461947
461987
461992
462048
462070
462076
462093
462098
462107
462137
462146
462158
462161
462165
462182
462221
462284
462289
462308
462313
462340
462343
462371
462377
462398
462404
462411
462414
462460
462464
462483
462496
462497
462500
462506
462531
462536
462537
462546
462549
462550
462554
462557
462574
462590
462610
462613
462624
462650
462660
462662
462684
462740
462746
462747
462750
462798
462800
462812
462833
462852
462860
462869
462903
462912
462917
462919
462972
462974
462993
462994
462998
463011
463038
463040
463042
463067
463070
463074
463105
463109
463113
463114
463121
463132
463154
463187
463205
463232
463248
463264
463268
463272
463311
463323
463326
463330
463361
463368
463373
463424
463466
463474
463476
463500
463508
463523
463540
463574
463607
463620
463673
463678
463681
463705
463718
463725
463729
463748
463754
463799
463840
463853
463873
463905
463915
463929
463963
463982
463986
463999
464018
464031
464035
464079
464083
464084
464085
464118
464150
464154
464163
464164
464195
464231
464233
464281
464289
464300
464308
464309
464369
464385
464404
464411
464424
464433
464441
464443
464453
464486
464503
464538
464557
464562
464573
464609
464630
464642
464643
464652
464669
464671
464676
464692
464697
464700
464716
464721
464751
464785
464786
464789
464793
464824
464834
464838
464849
464854
464888
464905
464908
464910
464913
464918
464924
464945
464948
464961
464965
464972
465002
465008
465009
465027
465053
465063
465092
465110
465131
465149
465159
465161
465162
465183
465190
465194
465201
465211
465217
465220
465226
465257
465282
465298
465308
465332
465343
465353
465367
465389
465399
465407
465516
465548
465580
465597
465609
465658
465684
465689
465714
465723
465753
465771
465797
465804
465806
465815
465827
465839
465840
465841
465851
465916
465932
465953
465971
465976
466008
466014
466029
466040
466044
466049
466051
466053
466063
466064
466084
466090
466098
466099
466107
466108
466152
466169
466176
466184
466191
466205
466214
466249
466258
466267
466269
466330
466334
466335
466364
466372
466388
466405
466406
466412
466431
466464
466485
466510
466530
466532
466534
466538
466571
466575
466584
466602
466611
466636
466651
466673
466675
466715
466719
466756
466773
466788
466793
466809
466814
466818
466833
466835
466840
466843
466852
466857
466877
466878
466879
466900
466909
466989
466998
467020
467026
467033
467045
467046
467109
467135
467155
467204
467250
467258
467260
467279
467281
467284
467288
467293
467297
467333
467356
467361
467381
467389
467441
467443
467449
467476
467494
467543
467552
467562
467563
467574
467582
467605
467606
467609
467610
467661
467690
467696
467731
467740
467771
467813
467815
467850
467857
467863
467889
467897
467898
467978
467987
467989
468010
468028
468047
468062
468068
468070
468078
468099
468105
468106
468110
468122
468125
468133
468142
468152
468196
468197
468240
468266
468269
468285
468291
468292
468315
468336
468350
468358
468361
468362
468416
468420
468425
468443
468488
468500
468554
468558
468564
468588
468616
468617
468636
468652
468668
468695
468726
468730
468736
468741
468747
468765
468772
468780
468798
468801
468803
468823
468825
468837
468850
468860
468891
468919
468971
468976
468981
469000
469010
469011
469043
469054
469072
469088
469120
469124
469160
469174
469185
469228
469242
469249
469272
469306
469307
469311
469334
469337
469354
469377
469385
469411
469427
469428
469441
469450
469501
469505
469514
469531
469535
469537
469561
469585
469624
469626
469630
469636
469647
469666
469683
469684
469701
469706
469721
469756
469768
469786
469803
469804
469811
469817
469824
469825
469844
469846
469882
469914
469933
469938
469993
470004
470058
470093
470111
470112
470128
470170
470178
470183
470184
470218
470232
470237
470248
470255
470341
470355
470394
470396
470426
470456
470464
470475
470499
470511
470525
470535
470646
470667
470689
470702
470714
470716
470757
470794
470807
470867
470886
470887
470898
470911
470912
470937
470988
471009
471021
471054
471068
471074
471075
471082
471089
471102
471105
471121
471132
471173
471226
471250
471261
471265
471300
471303
471330
471381
471417
471424
471449
471504
471542
471557
471580
471596
471607
471621
471646
471647
471660
471688
471696
471708
471712
471717
471719
471740
471757
471781
471792
471804
471840
471848
471877
471908
471910
471954
471960
471977
471987
472023
472031
472058
472093
472146
472150
472169
472183
472187
472195
472197
472223
472267
472327
472353
472398
472446
472504
472505
472534
472542
472600
472618
472622
472635
472642
472662
472695
472711
472723
472728
472741
472776
472824
472828
472830
472833
472861
472867
472870
472910
472914
472915
472922
472946
472967
472988
472995
473001
473042
473070
473088
473114
473119
473139
473144
473154
473163
473164
473172
473208
473230
473240
473242
473245
473261
473266
473296
473297
473308
473321
473337
473344
473357
473366
473407
473410
473418
473429
473448
473458
473462
473491
473498
473513
473546
473572
473646
473653
473658
473662
473667
473701
473713
473734
473772
473819
473827
473833
473862
473867
473880
473919
473922
473930
473953
473954
474007
474064
474081
474135
474152
474195
474225
474235
474237
474297
474311
474315
474323
474369
474390
474416
474422
474450
474462
474485
474501
474502
474537
474576
474578
474583
474602
474605
474626
474663
474668
474674
474699
474725
474753
474776
474806
474815
474877
474891
474892
474918
474921
474931
474936
474969
474984
475006
475011
475012
475015
475023
475024
475026
475039
475068
475080
475087
475119
475133
475138
475185
475187
475189
475197
475251
475354
475360
475381
475388
475390
475418
475448
475467
475478
475479
475491
475511
475521
475530
475536
475537
475563
475574
475581
475615
475654
475673
475682
475716
475727
475733
475778
475810
475836
475839
475886
475895
475900
475903
475908
475916
475918
475946
475947
475960
475963
475971
475995
476012
476017
476018
476031
476076
476078
476109
476117
476146
476163
476182
476183
476201
476203
476205
476217
476230
476234
476262
476276
476296
476301
476319
476328
476350
476374
476398
476414
476419
476450
476474
476476
476483
476487
476508
476526
476529
476530
476546
476563
476604
476620
476643
476645
476662
476683
476705
476727
476729
476731
476771
476811
476816
476830
476845
476858
476862
476923
476931
476936
476997
477003
477012
477016
477019
477027
477043
477047
477060
477069
477088
477091
477215
477273
477276
477279
477280
477286
477289
477300
477341
477375
477398
477415
477453
477483
477500
477544
477572
477573
477606
477608
477615
477636
477638
477642
477675
477684
477717
477732
477756
477789
477820
477829
477830
477835
477860
477880
477882
477891
477923
477944
477951
477966
477975
478043
478055
478059
478079
478080
478094
478108
478127
478158
478163
478170
478218
478224
478231
478238
478264
478267
478303
478311
478317
478329
478356
478362
478436
478483
478494
478497
478529
478560
478565
478586
478607
478612
478633
478640
478645
478672
478678
478695
478699
478760
478761
478794
478796
478797
478834
478839
478864
478873
478880
478903
478905
478919
478930
478966
478967
478983
479040
479041
479047
479055
479097
479106
479127
479166
479230
479244
479262
479285
479315
479317
479375
479390
479405
479413
479433
479444
479450
479467
479472
479481
479499
479529
479565
479608
479619
479641
479698
479728
479729
479759
479785
479860
479887
479905
479935
479958
480012
480037
480054
480161
480166
480196
480209
480228
480277
480301
480347
480350
480355
480363
480373
480379
480442
480475
480478
480505
480549
480563
480578
480590
480615
480616
480629
480670
480679
480696
480698
480703
480727
480747
480760
480774
480853
480914
480925
480950
480962
480976
480992
481047
481069
481077
481121
481130
481134
481189
481191
481194
481199
481208
481213
481248
481300
481309
481312
481330
481358
481400
481410
481425
481446
481450
481465
481482
481507
481510
481526
481536
481539
481548
481560
481617
481620
481622
481635
481708
481740
481755
481766
481777
481798
481827
481844
481845
481846
481850
481853
481858
481862
481863
481892
481919
481923
481925
481945
481984
482035
482090
482098
482099
482129
482171
482179
482184
482194
482264
482285
482358
482374
482393
482428
482434
482446
482447
482464
482492
482511
482519
482561
482579
482602
482614
482651
482672
482680
482703
482721
482722
482735
482778
482812
482828
482845
482891
482894
482899
482903
482907
482990
483006
483053
483068
483078
483087
483091
483093
483094
483205
483221
483223
483270
483316
483319
483321
483328
483332
483397
483404
483408
483419
483437
483443
483460
483474
483477
483483
483489
483493
483509
483510
483524
483541
483587
483612
483614
483644
483645
483650
483686
483725
483763
483776
483790
483828
483848
483856
483879
483884
483973
483993
484026
484031
484041
484042
484049
484056
484067
484074
484097
484098
484161
484172
484189
484219
484263
484268
484271
484285
484294
484298
484306
484311
484356
484362
484415
484424
484433
484451
484459
484490
484494
484510
484514
484541
484560
484565
484576
484656
484664
484671
484672
484688
484700
484704
484710
484720
484767
484788
484793
484860
484864
484913
485022
485040
485068
485070
485102
485114
485139
485173
485210
485222
485226
485229
485242
485325
485368
485374
485411
485433
485454
485486
485497
485499
485537
485607
485622
485790
485816
485832
485835
485844
485878
485912
485921
485932
485948
485968
486015
486022
486023
486086
486108
486124
486191
486215
486233
486261
486290
486333
486361
486376
486430
486450
486464
486482
486490
486541
486640
486660
486670
486707
486773
486810
486826
486828
486831
486832
486843
486921
486922
486983
487018
487068
487072
487087
487144
487171
487174
487187
487192
487193
487196
487205
487286
487358
487366
487369
487394
487420
487493
487518
487530
487580
487598
487613
487616
487630
487651
487686
487694
487695
487698
487706
487734
487735
487758
487790
487805
487811
487814
487861
487879
487897
487900
487902
487911
487919
487954
487999
488023
488064
488069
488073
488075
488104
488128
488133
488147
488159
488166
488172
488174
488208
488211
488220
488255
488292
488310
488338
488347
488353
488356
488357
488382
488397
488402
488434
488444
488452
488507
488526
488542
488543
488547
488583
488597
488599
488615
488702
488703
488715
488717
488748
488784
488845
488868
488876
488887
488899
488930
488936
488941
488954
488963
489018
489036
489050
489077
489111
489114
489117
489140
489186
489192
489197
489238
489315
489323
489338
489339
489363
489380
489431
489435
489447
489514
489574
489631
489633
489646
489664
489667
489669
489671
489672
489701
489750
489791
489821
489834
489864
489888
489934
489965
489969
490001
490003
490057
490074
490089
490093
490103
490152
490212
490250
490303
490305
490337
490364
490375
490426
490448
490449
490469
490493
490500
490562
490563
490576
490591
490595
490601
490614
490624
490669
490690
490694
490734
490737
490759
490781
490786
490791
490793
490847
490866
490901
490912
490930
491014
491029
491059
491098
491126
491152
491155
491179
491240
491247
491252
491306
491320
491331
491370
491411
491436
491455
491485
491486
491493
491518
491596
491711
491768
491802
491838
491861
491873
491881
491882
491902
491957
491968
491984
491992
491994
492021
492035
492042
492051
492061
492093
492134
492137
492206
492222
492225
492247
492273
492300
492326
492342
492347
492354
492389
492413
492427
492458
492468
492487
492500
492508
492515
492542
492552
492607
492632
492634
492651
492657
492734
492740
492748
492795
492828
492884
492907
492937
493008
493016
493022
493110
493124
493132
493147
493152
493192
493219
493261
493274
493280
493290
493389
493393
493406
493407
493414
493420
493441
493496
493538
493550
493604
493635
493687
493711
493713
493726
493777
493848
493903
493984
494033
494095
494130
494145
494178
494197
494199
494209
494243
494265
494270
494276
494302
494319
494337
494387
494463
494492
494502
494581
494588
494658
494662
494675
494711
494731
494732
494738
494779
494823
494885
494914
494929
494940
495001
495018
495031
495035
495049
495064
495067
495079
495108
495115
495128
495130
495155
495178
495179
495212
495214
495257
495277
495281
495303
495357
495391
495393
495416
495417
495428
495452
495487
495500
495511
495520
495536
495580
495593
495597
495614
495625
495626
495646
495651
495673
495759
495767
495810
495816
495824
495832
495837
495842
495881
495902
495915
495964
495969
495978
496074
496079
496095
496100
496112
496113
496125
496131
496141
496147
496166
496169
496193
496231
496251
496379
496391
496401
496416
496426
496461
496526
496531
496564
496571
496585
496604
496615
496636
496645
496759
496767
496783
496799
496818
496830
496856
496868
496880
496950
496977
497009
497023
497056
497118
497156
497213
497232
497240
497322
497351
497363
497400
497428
497432
497455
497475
497481
497555
497604
497628
497638
497719
497724
497839
497877
497889
497908
498002
498015
498028
498044
498059
498062
498090
498138
498156
498238
498363
498375
498424
498428
498470
498494
498497
498515
498544
498641
498646
498670
498683
498684
498702
498758
498782
498817
498819
498995
499007
499041
499053
499092
499108
499155
499253
499394
499464
499475
499482
499516
499553
499565
499570
499590
499637
499641
499700
499713
499719
499720
499734
499736
499776
499783
499794
499821
499824
499904
499935
499965
499969
499981
500002
500005
500018
500026
500067
500092
500114
500126
500139
500156
500185
500221
500224
500258
500358
500394
500418
500430
500457
500515
500523
500539
500562
500593
500637
500668
500672
500692
500698
500774
500800
500818
500856
500877
500881
500925
500940
500978
501019
501021
501033
501060
501126
501141
501155
501318
501345
501361
501421
501448
501499
501636
501646
501662
501717
501766
501780
501796
501875
501904
501922
501926
501946
501979
502020
502076
502127
502164
502229
502241
502291
502301
502331
502341
502348
502383
502454
502456
502463
502474
502506
502515
502527
502542
502582
502603
502623
502701
502728
502772
502774
502829
502834
502871
502889
502904
502911
502924
502939
502945
503010
503021
503099
503143
503180
503183
503224
503230
503301
503310
503334
503375
503422
503429
503432
503483
503501
503521
503535
503548
503583
503628
503633
503634
503671
503757
503771
503774
503809
503822
503882
503886
503894
503903
504119
504124
504168
504177
504187
504246
504254
504277
504375
504384
504400
504418
504435
504650
504681
504746
504751
504799
504847
504904
504943
504946
504954
505037
505071
505078
505084
505145
505182
505204
505242
505266
505293
505299
505309
505336
505347
505352
505366
505388
505401
505404
505407
505414
505418
505494
505605
505641
505657
505704
505715
505759
505772
505794
505911
505916
505968
505981
505985
506021
506042
506064
506081
506113
506114
506152
506215
506236
506328
506436
506445
506455
506463
506491
506494
506506
506534
506562
506567
506608
506614
506618
506633
506650
506678
506679
506716
506748
506753
506781
506788
506796
506803
506815
506846
506875
506896
506951
506954
506959
506985
507038
507064
507070
507075
507144
507199
507213
507224
507254
507298
507316
507321
507336
507389
507395
507401
507416
507438
507460
507507
507531
507574
507586
507609
507662
507715
507732
507835
507837
507854
507858
507872
507915
507986
508164
508174
508197
508208
508220
508233
508254
508267
508303
508464
508469
508502
508507
508519
508530
508561
508587
508644
508671
508672
508698
508730
508743
508744
508765
508776
508781
508805
508814
508846
508870
508879
508905
509095
509110
509142
509161
509206
509265
509320
509337
509382
509383
509389
509392
509399
509414
509418
509425
509449
509535
509678
509694
509758
509763
509851
509866
509871
509901
509905
509913
509960
510019
510088
510145
510148
510246
510336
510505
510556
510560
510600
510603
510607
510682
510730
510736
510869
510907
510912
510965
511013
511032
511033
511066
511077
511145
511205
511345
511366
511420
511444
511471
511502
511517
511520
511527
511577
511580
511601
511630
511632
511722
511746
511766
511818
511822
511832
511862
511870
511872
511958
511964
511981
512006
512019
512021
512084
512124
512151
512191
512235
512279
512296
512313
512334
512353
512375
512400
512435
512439
512453
512466
512525
512567
512604
512617
512624
512638
512664
512666
512681
512736
512741
512768
512841
512859
512949
512976
513014
513021
513038
513172
513208
513214
513261
513266
513312
513327
513361
513409
513449
513476
513489
513566
513577
513584
513623
513689
513702
513758
513774
513797
513807
513838
513883
513896
513989
514025
514092
514100
514111
514175
514218
514222
514233
514234
514295
514338
514411
514436
514475
514478
514506
514545
514587
514605
514620
514626
514653
514661
514662
514673
514746
514886
514932
514962
515014
515046
515078
515097
515116
515118
515152
515199
515211
515216
515273
515280
515298
515339
515356
515369
515410
515411
515423
515455
515515
515524
515557
515563
515577
515608
515726
515737
515740
515749
515775
515814
515824
515921
515980
515995
516065
516097
516102
516107
516183
516187
516308
516327
516372
516488
516525
516558
516583
516661
516679
516712
516780
516808
516836
516852
516947
516976
517015
517037
517123
517134
517142
517144
517248
517301
517328
517330
517376
517428
517532
517562
517590
517642
517645
517794
517829
517830
517910
518074
518176
518192
518231
518332
518433
518456
518534
518535
518542
518575
518695
518699
518873
518921
518937
518954
518977
519139
519322
519347
519454
519493
519537
519563
519576
519577
519864
519865
519944
520154
520247
520256
520344
520386
520485
520493
520648
520737
520830
520869
520896
520906
520976
521042
521181
521215
521251
521312
521352
521377
521532
521553
521588
521614
521702
521857
521898
521908
521951
522056
522077
522200
522316
522319
522348
522393
522421
522532
522559
522563
522570
522688
522733
522757
522762
522856
523010
523038
523104
523172
523183
523189
523355
523414
523439
523454
523549
523595
523642
523682
523689
523729
523733
523734
523746
523762
523774
523780
524103
524119
524174
524204
524320
524349
524387
524401
524418
524503
524516
524671
524692
524726
524799
524801
525037
525163
525216
525602
525615
525740
525832
526049
526182
526326
526403
526474
526520
526588
526611
526662
526713
526757
526970
527509
527522
527559
527656
527757
527759
527878
528025
528069
528074
528161
528210
528317
528421
528451
528463
528513
528549
528554
528566
528642
528722
528730
528744
528848
528853
528919
528976
528982
528992
529013
529052
529248
529258
529479
529602
529621
529705
529742
529806
529922
530000
530089
530135
530225
530355
530421
530460
530542
530639
530674
530739
530837
530910
530972
531086
531110
531298
531303
531312
531353
531457
531498
531512
531784
531986
531987
532029
532124
532256
532266
532580
532658
532725
532789
532827
532858
532881
532887
533028
533094
533112
533141
533343
533412
533553
533582
533779
533923
533942
533956
533977
533979
533985
534203
534219
534265
534268
534271
534837
535122
535341
535654
535901
535938
535939
536014
536483
536575
536795
536921
537106
537110
537141
537164
537218
537345
537775
537811
537955
538018
538062
538108
538165
538231
538252
538319
538611
538756
538843
539294
539400
539615
539703
539792
539844
539957
539978
540024
540142
540661
540744
540783
540815
540862
540977
540998
541314
541905
541975
542359
542480
542503
542512
542515
542516
542535
542815
542843
542912
542969
542986
543379
543684
544024
544078
544147
544245
544355
544381
544438
544528
544931
544969
545440
545456
545944
546118
546258
546498
546639
546832
546962
547193
547302
547983
548868
548939
549500
550785
551101
551142
551235
551451
551620
552361
553192
553823
554174
554240
554405
554666
554743
554962
555022
555039
555198
555351
555475
555512
555870
555901
555915
556286
556580
556632
556658
556892
557025
557079
557237
557613
557680
557815
557838
557871
558094
558125
558255
558263
558268
558395
558537
558676
559013
559227
559504
559541
559543
559717
559854
559928
560231
560319
560344
560534
560675
560894
560917
561160
561346
561486
561580
561650
561914
561937
561953
562512
562573
562601
562993
563317
563615
563873
564055
564146
564354
564481
564851
564898
565281
565285
565864
566107
566349
566511
566540
566574
566985
567903
568147
568659
568679
569334
571127
1189051
1189287
1189316
1190535
1200607
1200720
1200730
1200740
1200821
1200932
1200953
1201071
1201100
1201364
1201383
1201390
1201412
1201504
1201519
1201784
1201789
1201795
1201860
1202049
1202080
1202088
1202100
1202137
1202150
1202250
1202252
1202399
1202640
1202662
1202697
1202950
1202983
1203028
1203075
1203183
1203222
1203266
1203369
1203460
1203646
1203830
1203841
1204100
1204131
1204193
1204271
1204306
1204361
1204378
1204528
1204699
1204750
1204841
1204899
1205135
1205155
1205204
1205306
1205400
1205411
1205564
1205808
1205899
1205904
1206033
1206076
1206132
1206519
1206533
1206587
1206841
1206868
1206918
1207076
1207099
1207296
1207330
1207340
1207382
1207476
1207609
1207729
1207732
1208169
1208284
1208329
1208511
1208640
1208733
1208836
1208939
1208966
1209039
1209256
1209893
1209921
1210136
1210255
1210262
1210372
1210490
1210559
1210599
1210601
1210696
1210710
1210716
1210725
1210763
1210991
1211126
1211150
1211208
1211401
1211426
1211494
1211508
1211572
1211579
1211657
1211769
1211795
1211831
1211842
1211850
1211893
1211922
1211968
1212162
1212177
1212184
1212188
1212354
1212406
1212451
1212453
1212628
1212751
1212758
1212812
1213049
1213250
1213262
1213419
1213561
1213620
1213772
1213976
1214260
1214280
1214292
1214618
1214652
1214756
1214814
1214840
1214842
1214846
1214890
1215031
1215097
1215114
1215413
1215477
1215528
1215642
1215670
1216005
1216033
1216128
1216208
1216213
1216323
1216459
1216534
1216702
1216705
1216831
1216914
1216925
1216929
1216941
1216983
1217089
1217201
1217221
1217223
1217305
1217368
1217399
1217487
1217541
1217554
1217794
1217918
1218066
1218070
1218152
1218179
1218211
1218418
1218685
1218862
1219105
1219163
1219368
1219584
1219727
1219892
1219961
1220337
1220499
1220624
1220734
1220738
1220776
1220915
1220951
1220965
1221046
1221062
1221103
1221121
1221135
1221194
1221229
1221250
1221433
1221576
1221707
1221799
1222051
1222117
1222224
1222253
1222280
1222304
1222441
1222468
1222512
1222573
1222618
1222716
1222718
1222723
1223058
1223116
1223275
1223348
1223392
1223440
1223443
1223627
1223745
1224071
1224189
1224364
1224498
1224501
1224574
1224756
1225050
1225053
1225117
1225175
1225216
1225260
1225393
1225442
1225541
1225624
1225693
1225714
1225735
1225862
1226042
1226171
1226428
1226604
1226734
1226796
1226811
1226956
1227032
1227100
1227144
1227159
1227194
1227203
1227265
1227377
1227414
1227487
1227495
1227568
1227714
1227822
1227845
1227961
1228074
1228184
1228323
1228350
1228597
1229020
1229082
1229196
1229449
1229555
1229668
1229859
1229870
1230232
1230316
1230375
1230631
1230917
1230999
1231275
1231404
1231411
1231419
1231542
1231545
1231760
1231834
1231856
1231873
1231978
1231998
1232060
1232105
1232214
1232823
1232980
1233033
1233110
1233159
1233489
1233505
1233681
1233750
1233820
1233912
1234233
1234549
1234569
1234685
1234792
1234927
1234996
1235052
1235088
1235268
1235814
1235904
1235914
1236101
1236539
1236798
1236837
1236882
1236969
1237131
1237148
1237477
1237521
1237576
1237874
1237892
1238371
1238401
1238439
1238579
1238607
1239489
1239649
1239712
1239910
1239948
1240237
1240310
1240326
1240531
1240654
1240759
1240817
1241051
1241564
1241625
1241638
1242030
1242485
1242680
1243144
1243230
1243301
1243396
1243564
1243798
1244125
1244281
1244426
1244457
1244700
1244782
1245003
1245193
1245208
1245315
1245752
1246007
1246245
1246346
1246426
1246509
1246960
1247175
1247503
1247550
1247658
1248014
1248615
1248949
1249306
1249793
1249892
1250165
1250222
1250492
1250639
1250847
1250916
1250959
1250967
1251011
1251036
1251093
1251158
1251271
1251362
1252193
1252577
1252720
1253060
1253234
1253565
1253582
1253751
1253844
1254049
1254227
1254391
1254508
1254567
1254644
1254851
1254989
1254998
1255218
1255867
1255896
1256091
1256284
1256501
1256614
1256842
1257096
1257907
1258150
1258203
1258482
1258491
1258533
1258719
1259564
1259581
1259823
1260160
1260306
1260308
1260357
1260670
1260721
1261084
1261462
1261588
1262357
1262846
1264312
1264319
1264524
1264589
1265218
1265282
1265363
1265382
1265958
1266349
1266480
1266772
1266981
1267744
1269241
1269246
1269428
1269601
1269900
1270073
1271168
1271311
1271484
1271606
1272087
1272148
1272237
1272266
1272665
1273209
1273218
1273503
1273794
1273983
1274410
1274473
1274741
1275278
1276494
1277988
1278207
1278300
1278542
1279913
1280125
1280126
1280163
1280710
1281228
1281232
1281489
1282486
1283570
1283757
1283816
1284231
1285168
1285836
1286616
1287006
1287091
1287298
1288402
1288968
1289816
1289862
1290445
1290534
1290685
1290738
1290776
1290880
1292261
1292459
1292493
1292597
1293541
1294101
1295256
1295828
1296992
1297790
1298196
1298788
1302900
1304651
1307225
1310162
1310494
1312739
1314149
1317098
1328413
1329742
1330079
1330765
1678510
1679464
1680469
1682233
1683391
1683598
1685329
1686230
1688654
1692135
1692509
1695811
1695963
1696147
1698445
1705766
1705898
1706000
1706015
1706095
1706183
1706242
1706421
1706483
1706499
1706517
1706571
1706575
1706631
1706821
1706882
1706999
1707033
1707054
1707134
1707207
1707259
1707275
1707354
1707390
1707492
1707514
1707515
1707516
1707520
1707798
1707873
1708049
1708055
1708071
1708092
1708161
1708173
1708174
1708176
1708263
1708350
1708385
1708555
1708561
1708731
1708762
1708816
1708827
1708876
1709047
1709056
1709167
1709180
1709213
1709252
1709268
1709283
1709316
1709415
1709421
1709479
1709514
1709569
1709645
1709781
1709790
1709804
1709822
1710035
1710089
1710162
1710246
1710273
1710275
1710351
1710390
1710630
1710822
1710988
1711043
1711151
1711170
1711214
1711278
1711317
1711319
1711350
1711376
1711442
1711483
1711528
1711569
1711737
1711998
1712099
1712226
1712510
1712555
1712585
1712742
1712951
1712997
1713027
1713030
1713170
1713256
1713281
1713308
1713421
1713554
1713647
1713663
1713714
1713715
1713835
1713871
1714011
1714042
1714149
1714191
1714247
1714334
1714619
1714654
1714852
1714918
1714965
1714979
1715020
1715058
1715064
1715242
1715332
1715376
1715390
1715404
1715422
1715543
1715552
1715563
1715647
1715760
1716008
1716113
1716310
1716329
1716339
1716356
1716371
1716420
1716425
1716448
1716508
1716597
1716759
1716875
1716878
1716895
1716967
1717048
1717145
1717195
1717380
1717454
1717488
1717616
1717647
1717930
1717983
1718168
1718200
1718238
1718363
1718412
1718443
1718453
1718511
1718550
1718643
1718732
1718844
1718904
1719103
1719140
1719270
1719292
1719349
1719631
1719697
1719723
1719918
1720021
1720081
1720128
1720141
1720160
1720198
1720215
1720298
1720354
1720574
1720578
1720746
1720779
1720800
1720818
1720827
1720968
1721431
1721470
1721693
1721864
1721951
1721959
1721996
1722077
1722243
1722316
1722340
1722350
1722381
1722417
1722649
1722701
1722807
1722866
1722976
1723019
1723152
1723427
1723495
1723516
1723527
1723548
1723685
1723742
1723861
1723934
1724009
1724011
1724072
1724077
1724192
1724300
1724348
1724361
1724452
1724454
1724551
1724726
1724801
1724959
1724979
1724997
1725125
1725215
1725419
1725528
1725559
1725682
1725732
1725931
1726108
1726497
1726544
1726664
1726761
1726854
1726857
1726947
1727017
1727039
1727144
1727195
1727368
1727432
1727534
1727559
1727572
1727706
1727742
1727756
1727771
1727820
1727907
1727937
1728112
1728138
1728315
1728657
1728693
1728699
1728776
1728850
1728885
1728963
1729013
1729111
1729136
1729215
1729421
1729600
1729683
1729685
1729686
1729697
1729721
1729928
1730322
1730331
1730452
1730454
1730468
1730652
1731018
1731202
1731280
1731371
1731388
1731504
1731821
1731826
1731859
1731945
1732003
1732028
1732053
1732081
1732228
1732240
1732263
1732416
1732496
1732557
1732558
1732586
1732775
1732830
1732878
1732886
1732938
1733031
1733186
1733411
1733493
1733580
1733627
1733638
1733662
1733708
1733725
1733752
1733923
1733965
1734003
1734056
1734069
1734095
1734169
1734177
1734250
1734253
1734342
1734457
1734588
1734606
1734638
1734646
1734652
1734788
1734936
1734940
1734943
1734986
1734991
1735080
1735090
1735199
1735227
1735243
1735286
1735289
1735384
1735422
1735423
1735676
1735782
1735850
1735940
1735943
1736053
1736158
1736283
1736297
1736430
1736453
1736836
1736893
1737008
1737051
1737127
1737164
1737258
1737300
1737358
1737383
1737447
1737636
1737753
1737811
1737838
1737931
1737935
1738082
1738223
1738437
1738611
1738670
1738801
1738834
1739148
1739162
1739173
1739293
1739295
1739318
1739331
1739607
1739621
1739726
1739832
1739863
1739906
1739909
1740004
1740170
1740215
1740293
1740313
1740492
1740787
1741007
1741037
1741054
1741138
1741308
1741344
1741355
1741390
1741551
1741604
1741615
1741784
1741906
1742036
1742095
1742113
1742182
1742184
1742423
1742505
1742601
1742631
1742668
1742687
1742740
1742746
1742770
1742951
1743136
1743383
1743412
1743980
1744162
1744195
1744265
1744314
1744524
1744587
1744695
1745288
1745302
1745436
1745470
1745703
1745928
1746050
1746095
1746247
1746600
1746771
1746951
1747132
1747397
1748512
1748935
1749013
1749205
1749493
1749868
1749997
1750290
1750372
1750663
1750798
1750974
1751012
1751154
1751165
1751235
1751329
1751544
1751618
1751886
1751915
1752028
1752111
1752225
1752307
1752478
1752969
1753126
1753271
1754301
1754549
1754907
1755272
1755346
1755612
1755631
1756218
1756284
1756379
1756715
1757570
1757590
1758358
1758453
1758718
1759072
1759198
1759928
1759947
1760415
1761680
1761921
1762357
1762841
1999655
2001381
2011872
2019090
2023364
2024047
2026733
2150014
2150246
2150656
2150693
2150696
2150701
2150770
2150776
2150798
2150817
2150865
2150976
2151011
2151030
2151038
2151169
2151176
2151189
2151276
2151317
2151370
2151414
2151462
2151475
2151478
2151552
2151586
2151635
2151691
2151703
2151731
2151748
2151782
2151807
2151854
2151895
2151920
2151927
2151934
2151935
2151976
2152005
2152044
2152113
2152137
2152170
2152210
2152245
2152298
2152375
2152425
2152570
2152580
2152600
2152626
2152712
2152759
2152793
2152810
2152823
2152824
2152913
2152971
2152986
2153130
2153157
2153193
2153201
2153224
2153348
2153418
2153429
2153447
2153513
2153602
2153741
2153756
2153910
2153917
2154041
2154142
2154156
2154165
2154181
2154184
2154195
2154198
2154269
2154310
2154351
2154361
2154368
2154436
2154440
2154475
2154505
2154506
2154525
2154530
2154552
2154585
2154620
2154677
2154691
2154696
2154743
2154785
2154811
2154812
2154832
2154842
2155194
2155420
2155435
2155474
2155522
2155523
2155603
2155633
2155666
2155691
2155717
2155774
2155821
2155945
2155963
2155968
2156047
2156058
2156060
2156113
2156173
2156262
2156278
2156315
2156325
2156404
2156421
2156494
2156517
2156540
2156633
2156660
2156665
2156751
2156840
2156857
2156859
2156902
2156914
2156985
2157014
2157026
2157046
2157187
2157303
2157345
2157392
2157400
2157434
2157476
2157535
2157564
2157643
2157657
2157734
2157801
2157808
2157855
2157861
2157967
2158040
2158041
2158079
2158091
2158172
2158203
2158240
2158245
2158256
2158281
2158291
2158505
2158512
2158550
2158594
2158604
2158662
2158670
2158731
2158734
2158741
2158771
2159007
2159009
2159133
2159135
2159149
2159200
2159221
2159222
2159244
2159253
2159291
2159319
2159347
2159351
2159403
2159617
2159702
2159805
2159916
2159922
2159924
2159969
2160025
2160052
2160121
2160150
2160183
2160188
2160194
2160274
2160350
2160394
2160537
2160540
2160654
2160663
2160782
2160856
2160903
2160965
2161078
2161154
2161179
2161201
2161204
2161245
2161274
2161361
2161400
2161401
2161442
2161450
2161560
2161564
2161581
2161584
2161628
2161650
2161743
2161828
2161847
2161858
2161868
2161908
2161921
2161935
2162033
2162053
2162093
2162096
2162112
2162159
2162205
2162273
2162309
2162314
2162469
2162482
2162591
2162606
2162626
2162749
2162767
2162862
2162913
2163037
2163081
2163123
2163251
2163260
2163270
2163377
2163386
2163396
2163466
2163474
2163506
2163524
2163529
2163585
2163652
2163831
2163840
2163954
2163982
2164019
2164034
2164039
2164115
2164129
2164318
2164549
2164607
2164745
2164886
2165028
2165199
2165389
2165472
2165575
2165751
2165899
2165902
2165926
2165966
2166097
2166119
2166247
2166397
2166503
2166604
2166641
2166643
2166795
2166848
2166868
2166935
2166972
2166981
2167070
2167120
2167263
2167290
2167313
2167515
2167693
2167775
2176934
2190713
2190715
2190867
2190886
2190898
2191039
2191082
2191117
2191203
2191253
2197892
2198181
2198193
2198237
2198276
2198303
2198311
2198348
2198371
2198414
2198470
2198473
2198484
2198489
2198508
2198514
2198531
2198537
2198541
2198552
2198597
2198602
2198615
2198619
2198681
2198704
2203819
2204362
2204460
2204504
2204535
2204556
2204568
2204583
2204627
2204717
2204729
2204832
2204833
2204882
2204959
2204965
2205032
2205102
2205133
2205179
2205325
2205360
2205388
2205392
2205473
2205504
2205538
2205588
2205627
2205662
2205676
2205678
2205753
2205775
2205792
2205802
2205825
2205837
2205843
2205872
2205911
2205923
2205950
2206063
2206070
2206103
2206117
2206144
2206178
2206204
2206227
2206230
2206403
2206405
2206447
2206449
2206489
2206583
2206589
2206607
2206608
2206633
2206656
2206719
2206781
2206816
2206817
2206863
2206952
2207044
2207047
2207191
2207197
2207208
2207217
2207225
2207278
2207365
2207419
2207548
2207666
2207682
2207703
2207721
2207726
2207752
2207818
2207835
2207850
2208065
2208071
2208174
2228883
2228971
2229057
2229307
2229346
2229451
2229524
