262284
108169
176649
570045
191501
125997
69911
375363
325690
75083
26767
336777
217005
104025
185036
527025
318596
34089
419106
348905
64335
281582
354041
279103
459408
244636
229782
434129
274233
136173
364299
211423
266091
101414
134001
450400
176149
334642
230247
574063
405104
340781
564317
403104
412338
339346
125084
70125
449546
197774
530619
105053
105973
202231
404462
544597
208708
176193
432647
393942
289943
547760
540388
58133
158414
56248
545235
217137
268620
486632
262334
136328
459301
503200
401623
237860
285068
419680
109942
16903
382770
466935
413120
50637
309571
68715
358795
220739
381842
104880
210766
244160
313169
431026
104829
262189
576017
405945
383450
299261
403279
487702
101623
572546
166524
222330
571834
253520
408903
113185
441863
391603
4772
504452
129988
365035
92604
84018
477305
173685
382115
12455
265066
150616
450098
283147
91372
513149
345711
222757
66821
223746
338067
193704
24499
359184
521098
33554
331600
1464
447978
120234
406217
79331
393212
68838
317130
362986
87070
181873
178587
402931
558406
221828
325357
213978
386613
293671
336873
16689
328084
568863
125182
500079
576354
361831
333198
548844
113173
262746
534918
545441
325907
566025
91949
507686
389811
444302
301765
575405
508373
202102
252101
13789
516542
274957
345063
98268
29056
90280
576770
539390
229981
39068
79913
120235
449156
359465
371829
254164
164475
10263
96923
32524
441788
525777
421673
379190
224970
21382
398454
273123
527791
301491
281188
241209
18412
152732
218357
13992
298190
562582
185305
309222
493956
554021
382191
129903
52726
427094
402869
457636
188852
489907
150779
3799
315846
268496
266611
390283
337506
522127
184874
228415
322887
92554
60529
491242
464296
328098
339740
362696
500780
47226
163814
473318
72912
95772
60434
33422
50324
225675
247624
403378
156299
174902
280413
29594
123239
401212
66543
226128
88517
240436
372633
492363
517472
445953
531232
268770
43947
268693
571242
311877
130401
23017
363432
317575
47191
573113
533896
294370
230795
503860
29020
253688
401591
211665
42620
13466
25378
421970
425933
127626
545006
529578
156606
395185
306477
62805
433971
226629
166260
503483
62824
250427
491482
162539
78947
48546
468935
547903
28156
259005
330535
176168
246348
392534
350334
581087
278350
315162
321603
577640
299045
349579
204435
238141
46633
130712
577949
308828
276731
335669
88897
83246
118615
397287
344730
475218
21919
519359
407976
304036
133693
566103
397278
547047
474398
495053
368884
305871
305159
10440
404871
325368
459590
431234
428399
181462
315773
227019
31825
485509
310797
189740
561088
429386
357948
49883
49255
209420
18058
285361
382333
226161
397089
395124
224742
192817
75426
432373
342335
297736
300090
140974
135042
450343
101535
304749
192062
246973
317120
553420
415714
124983
451373
9759
359276
405815
209630
294431
290115
446462
212675
33123
552507
337653
578852
551550
489763
231954
277329
466958
559576
509423
45075
179430
75481
220160
549012
261180
79362
579247
498975
222016
536587
192764
487399
307264
75256
262623
16314
488924
301134
203177
334603
526890
234981
51652
362154
16449
367998
143936
578501
77783
200736
81043
284128
167118
77902
399262
239942
247177
197917
458540
453286
542614
406015
238006
286181
525020
195595
563076
183617
553051
435360
557387
413222
221360
228727
217649
49725
252535
381984
104994
379138
34985
252122
566670
466511
252194
329501
248603
370305
533006
443294
275710
451987
176481
59211
175129
76923
6426
349083
486769
40962
22098
195993
514557
50706
246839
127104
366810
230968
435908
464210
535424
291056
66754
346456
202848
264886
498563
82388
548690
223432
489914
159480
455882
59550
69373
239505
363114
44414
505637
457219
9987
409614
3941
354726
402386
31926
498239
124780
504524
272740
347007
201632
429613
276645
158947
513354
524050
271198
496836
234988
272421
534771
196701
378632
248391
16670
419571
342624
410797
478511
540476
487516
343035
454827
368750
413232
515427
506066
139695
327347
4517
126210
518855
125009
245373
404696
214461
115475
396852
491955
193631
479316
281035
48929
526104
91492
425670
539016
344705
235783
214036
130950
86836
93994
530783
501121
327802
361774
429568
442078
82756
158614
276311
115250
42680
324094
124731
498371
160137
69514
276267
240830
548171
498969
101011
191661
175451
185437
362881
237718
97808
10498
575419
569451
465218
76150
20490
279350
12641
262184
194000
531459
173754
258108
424308
252996
9778
162768
259439
218557
440771
455664
356673
437210
230639
22456
188685
541094
359207
345391
433546
22559
291149
215450
96653
15318
309496
415659
432370
475929
31524
388788
91149
545214
176359
522527
532979
225251
77973
407030
289071
530894
468064
400309
250289
181719
509036
458870
315110
1997
220932
335826
410743
342998
310688
122159
51574
294667
224825
55559
207775
416555
176943
235529
120683
258450
192974
553067
160298
3365
548616
429995
371307
359774
444783
71879
222525
459537
45822
259988
222157
346061
428495
7823
287378
552776
403851
437753
440610
106464
437520
124240
103910
414754
505865
419656
269372
154349
71516
572585
514111
115654
266274
544222
344180
416076
430092
275954
511729
356834
552135
344618
326613
124145
386200
199063
168905
38691
299441
5500
359104
373325
571078
210537
294020
210688
249977
537918
243947
84638
1472
516490
300369
478903
101515
283803
90171
120038
338276
537397
116794
117664
331876
220527
529541
86818
114741
521132
86831
138859
38435
14125
16831
212757
452652
58554
314068
98155
433129
161595
132531
128740
345155
547072
499697
365487
539068
228407
577748
427727
123424
242092
141139
89485
552374
411979
465211
191329
470014
253435
3220
203652
25885
23648
567234
53733
470925
263478
319749
508
476032
579997
133885
555470
401381
513111
193077
423028
280532
149686
253937
26643
518487
227699
474147
445898
227547
506714
340375
412704
203221
174213
71006
356734
304027
317998
548858
251107
352564
397187
440269
64024
406709
562357
405459
406062
535233
321854
480851
80428
154351
91705
470046
241595
429691
293946
243625
149102
504025
61575
288131
136977
550869
220992
221618
72978
365631
435435
144480
453087
449316
346615
134236
40474
292034
264720
473495
61567
516974
280825
55776
483334
161229
329751
509792
7625
507828
29322
171082
317283
79671
375611
198514
502479
505583
242752
370736
78042
39475
102899
221680
143780
261942
149215
566145
436048
561119
362351
544188
59250
267680
140922
420070
404473
13035
63119
155864
333355
111813
324866
424528
286613
231119
455075
494812
318144
335366
130654
333841
516777
508040
491114
508844
284351
89103
507257
164999
367537
198037
122682
63185
99364
508771
524927
305371
414089
497257
143995
349352
148703
431692
21166
57977
298836
402809
394126
427992
557263
453566
326793
122394
406677
10108
211439
537684
94148
84819
361323
392601
482363
97785
98679
242969
187882
292572
28662
7721
558269
444160
496018
539755
4308
42345
499446
325125
194897
287822
64356
181035
479263
531488
251132
261669
206653
192256
524802
87847
109359
139284
340148
248464
154924
139326
298840
3692
12494
453348
162020
377234
522013
543236
130192
15830
573053
186441
514392
286259
520316
281939
174406
188832
11076
67163
124509
98121
332585
433616
574385
504886
316091
24181
308027
527299
472463
387416
312565
138486
35422
550354
55158
31514
244108
464261
213036
260501
224136
135849
35793
339192
578819
74088
337164
554743
51730
252406
524897
513042
316578
525580
258649
361790
154927
560989
254415
88768
490610
532277
414350
405483
4481
242061
443941
559214
77849
99010
36480
364158
44700
61045
59953
47396
430665
250
94792
167819
282586
564339
565139
404633
113721
109558
160034
234138
447701
234649
299382
35475
581719
489343
75493
252439
68295
3640
129507
7592
329462
184965
10654
105246
195266
108259
65916
183602
120179
287239
81107
136779
303287
143425
505003
193732
232819
196096
187934
425439
29564
393762
285717
103341
278907
362257
111290
552870
495235
15404
280879
391200
108697
375096
449082
49741
446646
114624
26266
33442
177014
77318
340119
542695
446452
424980
526292
268735
101073
545310
115566
195826
340494
385265
204417
324460
300929
440484
195286
369618
405662
236698
572100
288137
21212
478982
520737
30175
443735
26094
378849
194574
180978
385588
276128
265207
297667
33742
151020
107169
245204
59382
54652
901
295815
96809
267353
348853
425263
246447
412076
509815
119438
121107
292081
257034
523581
232779
245560
133912
45335
25816
470672
518748
102588
458202
245810
140603
443871
56695
90479
565807
45668
107585
358801
28095
517366
148102
411349
428379
482826
247504
275245
516297
297058
470021
102729
476113
28645
1111
254124
465057
291702
452821
502325
251312
107941
148527
159073
256655
303892
209969
450524
461787
177879
219966
349097
59476
445775
302945
110001
244885
152858
8379
405856
572025
193451
577416
454830
377132
90026
370151
38389
454230
112605
65380
371863
279263
266518
21826
376835
299371
28806
434813
579023
10420
203191
41105
480433
123208
51977
359073
113512
435495
354888
371482
182607
161610
169722
380657
172971
178006
30566
570207
507195
166596
107918
260484
379037
495043
499552
576119
141316
231840
55567
37854
503501
242558
554841
37458
97779
554382
9809
401670
467050
51946
175193
550878
225859
264233
371484
252918
243018
391537
267229
217118
409890
380651
190167
207313
39847
531617
52003
71229
529570
396166
148622
414416
143054
417689
452746
222383
382656
499525
413090
102316
409953
163055
154885
552124
121792
120230
175651
