294912
196608
229383
32778
229388
327702
360475
131101
262175
294943
524320
393251
36
32812
327724
294958
426031
196653
229427
557107
458804
65588
131127
98355
196665
163903
491585
327746
557130
393290
491597
65616
327761
32850
196691
426070
393306
295006
262238
65632
426079
229474
426086
196711
426088
229481
110
196721
229494
65655
491638
458870
163962
98434
262275
557188
32903
327819
491660
524428
163985
163991
360600
229531
163999
164005
165
196776
229544
426152
458925
458931
295092
32949
458935
295097
32954
524476
557245
98494
557246
262336
524486
98503
164042
131279
458960
491727
131282
65753
491737
241
131315
196851
196853
524536
426232
164093
459006
98560
295169
229633
262404
164102
491784
557321
262413
131342
393489
164116
360730
459034
426269
98592
131361
164128
360737
98596
294
164142
360751
459056
360760
327998
360771
65860
33093
326
33094
328008
295241
262476
295245
426318
33105
328023
65883
131419
524638
98656
524645
459110
33126
164200
524649
65899
370
393592
524665
393593
328064
262528
426370
33156
229765
524677
557447
389
395
459151
459152
33175
360857
98717
65957
164262
557483
428
426414
295343
459184
393649
491955
328115
426422
131511
443
328124
446
131522
557507
459209
557514
328144
426453
491989
229852
491999
328161
295394
393699
295409
262642
393714
393720
557564
328189
393724
557567
459265
524802
131589
328200
229896
557582
295440
33300
328214
360983
33303
492057
328217
557595
557596
33305
98841
229919
492079
492084
262710
426551
98872
361021
361022
492096
98881
164423
197193
492107
197195
328270
262738
98904
197219
459363
295524
98922
459372
557679
623
131697
393845
230007
492154
197243
66172
524924
98940
295550
33408
492164
459400
98956
230031
197264
361106
393874
361111
557721
230044
98973
164512
459429
98983
328361
524979
692
131763
361139
164534
393909
492219
99008
66243
164548
393924
197323
262862
164564
492246
328409
557785
328412
66273
197350
131815
131816
197351
164587
295670
197368
197369
99070
361217
426754
164617
492297
393997
66320
426773
164634
66336
66337
525100
459566
164659
459576
525119
295745
394050
230210
230209
459589
66376
295759
459600
66388
66389
295766
426839
492376
131937
99170
230245
33643
66412
492399
525170
492402
882
459641
295804
525183
525184
263041
230272
897
492420
328581
131979
328588
426897
99218
328596
197525
492440
557981
99230
295837
197540
525227
164780
361389
557998
164783
525232
361394
99252
361397
492478
962
558018
965
459721
132042
66507
361420
394185
394190
558031
492495
295893
230360
984
197593
426975
263136
394209
164835
394214
558054
459752
1006
558064
525297
558066
558070
525303
230393
295931
361469
361475
295940
492552
394248
99336
132114
459801
328730
99354
66586
197663
558113
263202
230436
328740
394283
361516
328757
230454
164924
525373
99392
1089
525381
1098
164941
459853
525391
394320
328785
99410
33874
558163
296021
99416
33882
66650
492638
33896
427113
33897
197739
328810
66669
427118
492654
361585
66675
132217
1146
132219
197756
99451
132223
558211
361604
492678
66695
230537
33930
361619
165012
99481
558234
296093
459935
230561
558242
427169
132258
165029
230570
132272
394418
1204
263351
66746
328900
230597
132294
33991
394444
394447
1237
165077
427223
296152
263385
328918
459993
525533
361700
427238
525546
394474
296170
230646
34039
66808
394486
263418
99581
492801
460035
525572
427269
34056
197897
1290
1292
558350
99599
263440
230673
394514
460052
99607
263450
165147
1307
197918
99619
99620
427301
230701
230707
492851
329016
460092
66877
460095
394560
427341
165199
34138
263516
66909
329054
230752
329058
394600
1398
558454
558458
1403
1404
361850
525695
329090
34180
460164
525702
525705
198027
99724
1424
165267
460183
263576
1431
198042
1436
263586
394658
525732
329125
492967
34221
329134
492975
263603
361907
198072
492990
198084
394698
230862
132564
198105
132571
132573
493022
296417
198121
165359
558577
230905
558587
394747
427518
525823
132607
230916
263687
296455
132617
361994
296459
296460
394766
427538
558611
165395
263703
362008
558618
1563
67099
558619
34333
296477
329242
132644
394793
1579
132652
34354
525876
558645
1592
460346
99900
99902
558661
230982
34377
460362
460363
427598
263760
362065
67156
525908
329302
165464
1626
329307
99933
427615
165476
231014
231017
427628
558702
132719
558705
67186
296564
493173
460413
99966
460415
67200
1667
67208
329354
493199
493202
34454
394905
362140
362141
198308
329380
296614
231080
67241
1706
34475
100012
362157
460458
329386
526000
67248
329394
526004
296631
460484
362184
460496
132816
362199
1756
1757
493278
493279
427756
362226
526070
558839
558840
34557
1790
329476
526085
526089
34570
1804
100111
263957
198422
1815
198423
132889
198426
460575
263973
165674
296747
34611
329527
296767
362306
558915
264005
1864
100169
427853
1875
526165
493398
34657
67427
1895
493416
493417
100203
165742
493424
329587
460666
1915
165757
362368
34691
558983
526222
296847
34708
1942
1948
493471
526247
493483
165803
395182
100273
460722
296882
296883
427958
264124
1994
165835
67532
427980
362446
67537
493526
329687
460761
395225
67548
133090
231395
264165
460773
526312
34795
362475
493547
559086
296945
428018
493563
559102
231422
133119
34816
198658
34818
329730
428035
2055
34825
362506
526347
526350
428050
34835
296978
559132
493597
264222
526371
264233
34861
362547
329782
100409
34874
264250
329789
428093
395326
264255
198721
34882
165956
165960
133194
297039
297043
395347
297049
493659
460896
428140
297069
264304
329841
297074
264309
460918
329847
428161
493698
297104
264337
559249
264340
133275
526491
559261
362654
493728
329888
67748
297126
198826
133294
34993
460980
297141
166069
264375
231610
2235
35004
2239
395463
559306
329931
329932
526552
67802
461019
297182
493792
198880
395491
35049
35052
526576
493811
559350
395514
67835
231675
166141
35069
297220
526599
133384
493845
198936
559388
297244
297249
231714
330019
231720
100652
198959
264497
35128
100667
362812
133436
493888
559425
2372
330055
493897
526666
100687
330065
395606
35160
526681
264537
559454
362852
264551
559464
100717
559470
166254
133486
330094
297326
362865
362869
264568
264572
231806
461183
199039
67969
526723
461187
493959
35211
297357
526734
2446
67982
395665
67985
2459
526750
559525
133543
100777
2477
330164
199093
68021
330174
35265
461250
395717
395718
428486
461256
166344
264645
494032
526810
2525
297442
559586
297451
330223
199151
35313
68085
395766
362999
166392
68094
2562
133634
363014
2567
330256
231954
363028
2583
35352
68121
2585
363036
100895
35361
559652
363048
395817
231978
2602
100909
494125
100912
231991
330295
330297
133690
68153
231997
264769
232001
100930
363079
395851
428619
526933
526940
494174
363102
461408
100964
330342
363114
35434
166506
363117
559728
395888
395890
68211
395893
100985
68219
363135
494208
363136
461447
363146
68237
2703
559762
166551
461467
232093
68254
199326
297632
330410
428718
35504
68277
395965
166594
330435
2755
395974
527048
101065
559821
461517
527060
461524
199381
264919
101079
133850
199387
35547
559840
297699
461545
199403
199404
35567
559859
133876
166645
461557
396021
527096
166650
297724
264959
297730
559875
494341
363272
527112
363276
461595
396068
559908
166692
232231
428843
133933
199469
166704
396082
297779
101172
133940
559925
35642
297787
232254
494403
297798
396106
133963
101194
2892
396110
527183
2896
428881
101195
68435
68439
35672
232280
265050
101211
68444
527194
101218
199540
461688
35705
527224
101243
35707
265085
428925
199553
396167
494471
330637
297880
527257
461722
35738
396186
265114
232351
527264
527267
2983
330665
232363
363435
2992
527283
68532
330677
3000
199609
35771
134079
3008
68546
199618
396228
330694
494534
429000
297929
527313
35795
560087
166871
199639
461794
101348
68581
494566
232420
166889
101354
101355
560108
297964
527342
429039
396275
461815
297979
461820
297981
494594
232451
429059
297989
68617
232460
461838
298002
232467
560150
101401
134169
560155
166940
363549
3103
461855
134178
166948
494629
68646
461860
101414
199721
461870
68657
494642
429108
134198
330808
199739
429116
429122
134211
494660
363593
461898
330835
461908
3157
167003
101468
396385
560227
265316
429159
265327
494706
461945
527486
134271
101503
363652
461957
68743
265355
265356
134290
330901
232598
363673
101530
560282
3225
560285
199841
68771
232612
265382
298152
429226
461996
494765
101552
429233
298164
462006
363702
462011
36028
265407
560323
68805
101573
462022
134344
199881
330955
462027
167115
232654
396495
36048
36051
462037
330967
101594
101597
363747
232676
363752
429290
298219
330991
298225
134386
462067
560373
101622
199927
396534
68860
396541
396542
494846
167169
462082
36098
494854
3337
68874
331023
36113
3348
232724
331031
527640
3353
527649
68898
494887
363821
560431
494896
134447
527666
494900
363829
3382
134454
199992
134460
265536
232770
462151
560457
167243
298315
560463
265552
134479
3412
560470
200024
68953
298331
396636
462173
527711
396642
36197
167271
429415
429416
68974
298350
265586
232819
232822
134520
560505
298362
167295
200064
527748
167300
101766
396677
494990
134543
560526
200080
396691
167317
265625
134558
134564
527786
560555
200109
396725
101814
232887
495031
69048
3514
363957
232886
134599
101832
167369
495055
200146
363987
527828
560598
36311
232919
331225
134618
527834
298459
429536
36322
265701
560615
527858
134643
232950
265719
495095
396793
560630
396792
265725
560644
232972
396812
429582
527887
298512
331279
396820
69140
560662
200213
232993
331298
364067
331302
495149
462381
134705
396858
331324
36413
364099
462406
69194
495182
298578
265810
101978
364123
167520
101985
527970
331367
364135
69226
36459
560753
36469
233080
36473
36482
331395
69252
36487
36488
298633
396941
134799
560784
495252
462486
200348
233121
495269
69290
528046
528047
396975
3761
429746
560819
462516
233142
134841
265916
200381
69308
495292
233153
69320
265934
167636
265943
167640
364247
528091
69339
528094
298721
528098
528108
331506
462579
3827
69365
167675
364284
134907
200446
36607
331523
560902
265990
331529
134924
560909
560914
233242
331549
102175
397094
462635
397101
36653
397104
364336
36658
397105
364341
266041
331577
298812
102208
528197
364359
331592
233290
495438
560978
167765
69468
3938
233315
298853
135015
397161
331627
397167
331635
561013
495477
561015
200572
135038
3967
331648
364416
397184
102281
528266
331664
364436
561046
495513
135065
397217
495523
364455
4011
167853
495536
528305
298931
69559
102330
233405
167870
528321
4042
298978
331747
462819
430054
364525
36854
167927
364535
135163
4092
462847
266240
331777
233471
561160
331785
233483
462860
299023
561168
36881
36880
299026
331797
167962
528412
69661
200735
167968
4131
69668
528425
462890
135210
36908
233517
69675
36911
364590
233521
495665
495670
364602
200764
4159
397377
495683
69700
200775
233543
135242
331852
299085
200782
397390
528465
331858
4180
168022
36951
4187
495712
135266
36968
462955
299116
233580
266350
200814
397427
364659
102517
495733
397431
135288
364665
135287
69757
102529
168067
69770
233610
528525
168083
397462
102550
495769
102555
463004
135326
561311
135327
495776
4259
37030
561323
561324
233644
233646
364719
463024
495793
69809
4275
528563
135348
364720
528562
168111
430265
561346
37063
364745
430281
528587
266441
397513
69837
102607
135369
168147
397525
4312
528600
495832
528604
397534
331998
168161
332003
561383
69866
168173
430319
266479
495860
299259
463101
233726
561407
430335
528642
430341
397575
200971
135436
397582
430351
168207
528657
266515
37140
299288
397593
200984
528667
4386
37158
463144
397613
37165
528687
168243
397619
364853
37175
266563
561475
430405
201030
463176
135497
561484
397645
102734
4428
561488
69971
495956
201045
233815
299351
4441
397658
266587
168287
201059
168291
102757
332135
463211
102763
102765
102766
495985
495987
495988
135539
102778
70011
37244
70020
233863
397705
168334
332176
4498
233877
4509
430493
397729
168353
135589
463272
168361
332203
332204
233902
168367
4527
168368
364980
561589
233919
299457
332227
102862
37327
4567
37343
201186
463334
365035
496109
233968
397809
496115
496116
430581
102903
561655
201209
463354
528890
102908
463355
397819
496128
201220
70156
365069
102928
528912
266773
234006
332311
365080
496160
430624
234020
528938
234028
430643
37429
266805
135735
234040
4665
70201
168505
168506
135744
561731
299594
430670
496206
561746
496213
496215
201305
37468
4702
266847
70240
430691
201322
496239
561776
397938
234100
135796
529016
168569
168571
299648
234118
397959
463496
168584
135820
37519
463505
463507
234136
70296
561821
561823
365218
430756
299689
103083
463534
561842
496307
168627
201402
70332
234176
398017
463557
103114
70347
299723
37579
168657
365265
4823
299738
398045
365282
463591
365289
168683
266990
463599
529139
201463
365306
496379
299773
365310
496383
168703
430853
529159
234247
168713
267015
234251
529166
37646
496402
37655
463640
135959
201498
70426
37660
365340
529179
365344
463649
168738
267059
398133
365366
201526
529208
135989
103223
299838
332607
332609
267076
70470
168775
529227
332623
201554
103251
103252
430932
430934
70487
365404
168797
562014
398175
37728
234347
267116
332653
234350
529270
168822
529277
430974
70528
4993
168833
529283
365452
70541
168845
365456
496530
299924
398229
463771
299931
529309
201630
234396
365472
168865
136092
562075
5021
201637
431013
562082
201640
299946
463792
103348
201655
529344
37826
431047
168909
299986
365525
37846
365527
37847
37852
496605
398301
332767
529376
168927
562147
562150
365542
37865
496620
562157
168943
267251
332792
168953
365561
529404
201724
365569
267266
5124
365575
136200
103437
5139
300057
5152
332833
332832
300067
37925
103462
529447
201768
37931
496687
529455
267314
267315
562232
37944
70718
103491
332867
37956
562247
562248
169032
5198
300111
463953
529490
70740
5205
562261
103509
169048
398426
496732
5215
431201
103522
5219
431207
431208
496747
103536
332914
103539
562292
365685
234612
562296
103547
136316
5245
5247
70787
103556
529541
169095
496776
234637
70800
529555
103575
103578
169116
332958
496799
201891
300197
562345
201897
562347
201899
562348
234665
234671
529590
234679
365752
529592
38073
332987
5303
234685
496832
333000
562377
300239
431312
70865
365775
201940
365782
365784
169179
529631
169192
38122
267502
234734
529649
300280
365819
5373
529661
70913
529665
529668
529670
529676
464140
136468
70935
333081
267548
169245
70943
70945
38178
300323
70952
300330
103722
333101
464174
365873
136501
562485
5430
103737
300353
300357
169287
464200
333134
431439
103758
169299
496980
562523
136541
333157
398697
136555
300399
71024
398704
169334
365946
333182
202115
103815
497031
5513
169351
497035
267661
103821
103822
398733
464274
234902
38296
497049
562592
398752
562593
562596
234916
300454
562602
497067
464303
38326
300472
202168
529850
497082
464317
5569
234945
136641
529860
366022
38350
464335
267732
136664
497113
169436
300509
136670
136673
136680
234986
136687
497141
202231
136701
333309
5632
235017
398858
431625
5641
431627
136718
398863
529944
300568
38426
398872
169500
38431
38432
300577
103969
5670
267815
529963
267825
300598
464443
71229
235073
169539
71236
333379
104006
202307
267848
333383
169547
431691
71244
300620
464461
300624
5713
300622
5715
38477
431704
398936
398938
562777
300636
431707
464474
431715
202343
464490
497265
497273
333433
333436
202364
169599
169600
136836
136841
562826
71307
464526
497297
38548
202388
464537
399010
399012
5802
333482
300721
497330
71346
267956
267957
366268
5823
71360
562885
267980
530124
38606
202447
399054
497365
562901
169690
333532
497375
136932
464615
235245
530160
464630
399095
104185
431865
333565
71427
136963
300806
136971
464652
235278
202511
71441
104211
431893
38682
104221
366367
136992
235302
137003
431917
333613
235314
104248
333626
300864
333634
137029
38726
71495
5961
169802
38730
333643
202571
431954
137042
169810
464725
497494
530265
268123
38748
38753
71521
104299
300908
530286
464751
104304
530289
399214
300918
333691
169854
464766
169858
366469
333704
530313
6026
6031
104340
137108
497558
366489
169885
6051
432037
366502
137130
300972
71596
563122
137140
530364
38845
432062
399294
268224
366529
464833
104389
268239
530383
169937
137173
464856
563164
137181
71651
268260
104422
366569
169962
235499
563179
301047
399354
6140
104453
268293
530439
137221
6151
169995
137228
71691
6155
399377
104466
235541
104470
366614
399384
301082
333855
399392
432161
71716
333862
104487
399399
530475
137260
38955
6190
399407
301106
301109
202805
399415
170040
71735
366655
366659
530500
464965
71749
563270
399432
202825
301128
268363
235597
333904
137297
6225
366679
137304
104537
170077
497759
399456
39009
301155
563299
235621
563302
235624
333929
301169
170101
399480
399481
530558
268418
465035
104588
170125
301200
137365
137371
366748
563356
530590
39072
465058
399528
301225
137387
39089
465074
235701
170172
39100
268478
104638
301247
399556
170180
301256
235721
366795
39120
170193
235734
530650
6364
399582
563424
301282
170211
268516
465123
497894
563435
170221
530670
39152
530683
497915
268541
563457
334083
6407
104715
203024
563477
465181
39202
235812
530726
137516
268590
104752
170292
497972
334139
497980
235839
72000
268617
530762
203085
432461
366925
366933
235864
203096
301402
6491
6489
334178
39267
334180
301413
366948
301415
203119
366961
104817
301427
432502
366967
6520
432506
465275
432508
399741
268670
498045
366972
432519
498061
432527
170388
563606
530851
563625
203177
6572
235949
6578
6579
268734
39360
6593
498114
170436
203206
367048
399818
465360
530901
498134
367065
72156
235996
6627
301541
203239
432616
367085
72177
203249
137715
530934
367096
334332
563712
399873
6658
6662
203273
563723
104973
563727
170513
104980
104982
39446
399899
563743
104994
301603
236068
6692
268835
104999
72235
465453
72238
236078
301614
236080
465463
105015
563767
465468
563775
301631
105027
531016
72266
301643
301644
39504
301649
137808
301648
203350
39512
6744
6749
236125
531037
334432
105055
399970
268900
137829
531047
39527
39528
6760
498284
268909
531056
432754
203380
399991
498295
432762
236155
563839
432770
137859
400010
334474
236177
39570
465556
236184
236186
137884
563870
137888
498337
301730
203433
334509
498350
432818
39606
72376
301756
400064
465601
334529
563909
465605
137931
400075
39629
39630
269004
105168
367313
236245
269015
563935
137954
236260
432868
498406
72424
269033
236272
498418
400117
269045
6906
563964
367357
432897
269058
105219
72453
465670
6921
432906
432912
203539
334616
432924
6941
498462
563999
334625
6945
334626
269090
367398
334631
531244
6964
170809
6973
400190
301890
531266
432967
400200
72525
498509
203599
432981
564053
72536
564058
334686
105310
498535
236397
367471
400241
170865
269171
465779
400245
269174
138103
72567
72575
367489
170882
531331
39812
269187
531335
7049
105364
203669
531350
334742
433059
39844
465829
170917
301991
301993
105386
105389
301998
334769
72626
302003
433078
105399
236475
564163
498627
433097
400332
72657
7124
498645
203734
269273
367582
170974
236512
433122
498658
236516
105448
138217
138220
7149
564204
531441
564211
334837
367605
465911
433145
400379
465922
498694
105480
171017
105482
334858
564237
138265
465945
269343
400422
564265
72746
269358
498740
7221
531512
564281
400440
334915
400453
138315
498765
334928
564304
236626
334932
531541
302168
203867
334941
466014
367715
203876
564328
564332
7277
367732
236661
564341
40055
531581
433279
236671
236673
171139
334980
40075
531596
302222
564366
400528
531602
7318
171158
400535
433305
335003
302236
302240
367776
72866
138401
138405
335013
466090
203948
40114
269490
564404
531644
171201
105668
138436
203976
171210
367823
302292
236759
433370
203994
236766
564447
498915
335076
302310
400621
433389
367856
105714
204020
433397
433398
269557
269561
7420
7424
335110
138503
171281
531730
204051
367891
138517
171284
236822
171287
466196
72986
531739
171289
564511
531751
498986
204075
466223
73009
466229
498997
40246
367929
171321
40251
367934
367936
400706
466243
531784
105800
236874
499024
499026
40275
236884
335189
466260
499027
138585
466267
335197
7519
466277
105830
335207
400742
204138
499051
204147
236919
236938
105867
531852
531855
138644
105877
499094
499095
40346
269726
564639
499108
433574
499111
40361
368041
400809
7594
7596
204203
7603
204219
7615
302527
171461
335301
499141
531912
73159
40399
138704
400850
433618
73174
40407
237017
400862
73190
40423
335340
73197
335344
564721
237044
269815
531960
73212
466432
105987
368132
204294
7689
531979
466445
335374
466448
138772
466456
171546
138780
400925
368160
532003
335395
269863
433715
7733
106046
138814
171584
302657
368204
73293
368208
237137
171603
368222
532062
269920
204386
138851
433766
269927
237160
401001
499305
106096
401024
171648
7809
564868
138890
335500
433806
204431
204432
237203
302740
7830
40602
433822
269983
335525
302758
564904
401068
269997
335534
237232
237233
466608
499376
138935
138937
106172
7873
401094
204489
171729
138961
532181
7894
564952
237273
335578
335579
7899
138970
237281
499425
335587
401132
204525
368367
401136
7921
171762
138995
401138
564983
532220
532224
433928
40720
7953
73491
40729
139040
237344
139042
171808
237357
532269
466734
565040
565041
237367
139065
40768
73537
237383
270154
466763
8014
401249
335713
204643
171875
139109
106344
171880
270185
401260
302958
302960
73584
139120
73588
204661
565108
204664
499577
270202
40830
139140
139141
532358
466822
565128
368521
73620
401301
73622
466838
40855
401310
8095
434083
139173
499623
270248
171943
40874
8106
73647
499632
303026
106419
368565
204726
401337
532411
73660
270270
532414
237502
204735
40901
106438
303047
237514
368589
565198
368594
565203
204757
499672
303069
73694
204767
204777
565227
204779
335855
8176
565233
335857
204787
106484
401400
40954
565243
139261
40957
139263
237569
204802
401411
270338
106504
532503
172056
401436
106525
172062
237600
434208
40998
335912
434217
466985
499755
303144
73773
368686
41014
73783
335928
73786
139324
172092
106567
401484
106575
270420
532565
139353
139359
41056
73824
499810
204899
204897
73832
303221
106617
467067
401534
336003
401541
73864
303241
8329
467081
565389
106638
204943
565395
41110
499866
336027
303260
303258
73885
532635
499874
467107
106666
467116
401580
237745
565429
532662
336058
532667
270523
565438
8383
204994
467138
368836
41155
434370
205000
73929
368844
401613
139472
499920
205010
434385
368852
401617
368855
303320
303330
336101
532710
139494
237798
434409
270571
8429
434415
532719
106739
270581
237818
8443
41212
532732
336129
205059
270596
139523
237831
565513
499978
205069
270609
106772
368918
106774
237848
172316
139551
172324
336166
106792
8495
500018
500019
205108
74037
467252
532789
500027
205116
172351
336195
303429
303431
467273
434511
270672
74065
74067
139604
368986
434522
434527
565600
106849
172387
237923
41319
336231
270696
434539
565613
336242
336245
237942
74103
336251
270715
139645
467325
369019
369022
434561
467332
8581
41351
74120
139658
8587
369036
8592
369041
8594
270738
434580
434581
205202
237976
270749
532895
303519
205217
401828
205221
139686
237996
270769
303538
172467
74166
303548
565694
41413
8657
565714
106963
303570
336341
500183
303578
238048
303590
74215
303593
467435
467437
303599
238065
336370
41459
205297
336369
303610
434689
107009
270852
467461
401926
532998
336390
139789
336397
336404
205334
533022
74273
401957
401962
238124
565805
336431
500271
369208
467512
205370
41528
238140
270912
107073
270916
565830
205384
270922
8781
41549
139856
41552
8787
434773
533079
74332
434782
238178
434787
565858
8809
336491
270956
238189
8813
533106
565876
565878
303735
238200
139897
402040
8829
41597
8832
74369
533123
107140
369283
139907
8841
565903
41616
139921
303763
107156
8856
402077
336541
107169
402081
74409
369322
529308
172716
402095
336563
139956
565941
529310
369338
402109
402113
336578
402115
271043
107205
303814
434886
303815
41666
271058
434899
139992
336600
271066
238310
140007
369393
434930
402167
369404
140029
303873
41729
271113
533258
336651
41740
434958
336654
271118
74515
41753
533276
8991
140065
500514
205604
566054
107304
533288
9002
9003
369449
336683
434992
205620
336695
140087
140092
303935
369472
9025
435010
271167
533316
369478
566088
107346
566099
467799
402264
336734
336735
107360
533342
107362
303971
172900
74590
107367
205672
41831
41840
238449
369521
205689
107389
336766
467840
205700
467847
304008
172937
140174
9105
41875
435091
172952
336793
74650
271259
533402
402333
566173
172957
74656
336802
467878
41895
566188
467887
500657
140209
467889
238517
238528
467905
467904
566214
336840
369610
533452
533454
74704
41940
500694
467929
467931
304091
173032
369642
107501
533488
304115
402420
304125
238589
533506
140291
500740
238603
238607
533522
369685
238615
533529
566298
140322
74788
336935
140332
107565
336942
9270
468022
304186
42042
42044
173117
238654
336961
173121
173130
500814
402514
74835
566355
566357
271447
533596
402531
140388
566377
271466
42091
205931
369775
42103
304248
304260
271495
205960
271500
337038
402588
238749
500896
74924
566448
140465
468161
468163
369860
369859
140488
468169
304330
533706
140493
42190
74959
206036
9429
74967
566488
42201
173274
402650
206044
468190
369886
173282
173284
500965
304360
304361
206058
369899
238828
533743
369913
468219
435456
42245
107782
402699
435468
337164
369936
402705
140563
402708
369941
75027
501015
173340
501022
468258
435492
402726
435495
42278
533800
435499
533809
304434
304438
337207
566584
238905
42297
501056
271681
566596
566600
42312
140617
501067
42320
9556
140633
468313
370009
370010
468319
468321
435554
501094
140648
435562
402795
304493
337265
173425
337269
206202
140667
566656
501122
42375
304519
271753
337298
206235
271772
173469
140700
42399
402844
271771
337314
468393
42413
402862
239022
566704
468401
42418
75187
206260
9651
370102
435632
9656
107963
42429
140738
173506
533957
107974
140743
206279
468422
9669
107975
239052
435664
304596
271829
435673
337375
140768
435682
370152
140776
173546
173550
337390
173553
42482
566771
370162
501242
9729
435713
468483
402948
468487
501269
75296
402977
468519
239144
75305
304689
534065
370229
304696
42553
108091
9789
75327
206400
140865
173631
9797
9800
75341
337490
206420
108123
304735
206433
108130
239202
239204
501348
566886
370279
304744
239208
206435
566897
173682
206454
42620
239229
304765
566911
468608
403074
468612
468613
403078
337541
272007
140935
108170
337547
501388
534162
140954
337563
108187
534173
272026
42661
206501
42667
566955
173749
140983
566969
272059
403133
140990
501439
534208
337609
239307
566988
206539
534224
272082
435931
272095
9951
567008
42725
337638
403177
239339
9968
42737
337648
337649
272117
42741
42743
272119
304889
108282
501499
337661
403198
206591
9983
173826
534275
75527
501515
108301
304909
435986
108313
75546
534297
272160
501538
42790
108327
337707
370479
468784
468783
468792
42808
370493
501565
75587
173893
75590
370512
42834
468818
239444
10069
75608
370524
567135
239456
272223
173925
75624
436073
206700
10094
501618
75637
305014
108407
534395
272253
206717
272255
75655
10123
468876
436108
272273
501652
403349
141205
534421
337814
239515
403357
468896
75682
10149
567205
567208
272299
108463
75696
239536
403378
337842
141236
534456
534459
501693
305085
10175
75713
501700
370638
75726
206801
567254
436183
42967
108505
75740
403427
239591
75754
534511
206837
305141
75768
174072
436218
370682
10232
436221
501760
501762
10243
305156
10249
174090
206859
534543
305168
239644
337951
403489
272420
436264
370729
305195
108589
469040
567346
239670
174135
272440
272439
272444
567357
43071
43073
75842
75841
567363
10309
305224
10313
141386
567368
75852
108620
436302
337994
206937
272481
534627
108645
370793
75884
206956
206968
436348
403580
370816
239745
305282
174211
338054
239754
108688
75924
10393
239769
534681
239772
501919
469158
436394
305329
469170
141492
534711
272569
338108
239805
75968
75971
108739
141509
207046
469188
207051
141520
469202
469203
239828
403666
403677
534751
174303
174305
141543
436455
567530
207083
403693
305390
469232
207090
141557
207094
338167
338173
502015
43264
76034
534787
207108
239894
502043
272671
403743
436515
370980
436522
239915
239930
436538
10560
436544
141634
207178
502091
272716
403786
108879
338256
10579
567637
502113
567652
403813
141673
534889
534892
207215
338288
371058
76146
403826
10613
76161
305545
76170
305550
272785
371090
502163
76178
305557
141723
240028
305576
567721
240043
305580
534959
567727
305589
240057
469435
240062
371135
141759
436676
534980
502214
338384
109010
567764
436696
469467
403935
305632
240101
305639
10727
436717
502262
535033
207354
502271
436735
207360
338431
567812
207366
240134
338438
76295
502286
371216
502288
567827
109077
43543
207391
109088
10785
10787
109092
174627
141862
404005
240163
305709
305710
272949
436791
436795
535101
76349
109119
141889
535106
436803
502338
404033
10825
436809
207437
338515
469587
240213
207447
174680
305752
535130
535136
141920
535137
305760
371300
371301
338535
207467
436844
371309
207471
240240
76401
469618
240243
305781
10871
207481
305788
10877
109190
305799
207496
502409
469647
404114
240285
371359
174751
371360
273059
371364
404131
469667
240295
567973
43692
109232
404145
535218
207545
338618
535229
273086
404159
371392
273089
568000
10948
43720
338642
535251
371412
371414
469719
338651
43742
371426
240358
43753
10986
305899
535276
502517
535289
240378
305916
568064
240387
568068
273158
404233
371470
207635
469779
568090
142108
76572
207647
469793
404257
174888
502570
174893
535342
404272
76593
240433
502581
502582
207670
371510
109370
371514
338746
404292
11077
469832
207691
404302
502606
371536
43856
11091
306009
109403
568155
469853
371555
240485
109414
174952
11115
109423
502644
273279
142208
11138
109444
76676
76680
240521
568205
109454
174989
502671
502670
568208
207763
306069
306074
43931
535452
207774
338847
142240
175011
273316
273317
109477
175015
502698
568243
142261
43957
437180
142269
502717
371648
568259
207815
109513
207826
273363
109524
437210
11227
404444
273378
175082
175088
175096
371706
175101
175102
568325
371717
44040
470025
109580
568333
175118
502800
11282
142357
142360
11291
404507
11292
535580
437277
338971
371745
535585
568357
207935
11328
240706
568389
306247
207943
371786
437325
502862
76882
11349
339029
76885
273503
44127
240739
44136
109673
568426
207976
44140
371824
339058
437363
535666
175227
437374
208000
175237
208006
44170
44171
208012
568462
470161
142481
568471
404642
306339
339108
306342
76970
339115
208044
175281
208050
568502
11449
44220
76992
273600
240835
44228
502982
240841
404684
371923
535770
404698
273633
77027
273637
175334
142565
568560
371957
568566
240887
437497
77050
306426
240889
371965
535811
535817
44298
208140
109838
240912
470291
273684
306453
568597
568604
404766
175391
208165
470310
437542
339240
273704
77099
273708
142637
208174
240944
437554
175410
503101
404797
273728
77121
273729
503108
208196
44358
44360
142665
372045
470350
175439
306516
437594
535898
142689
11619
175462
142698
339307
470381
109937
470386
175476
208250
77181
109950
273789
404865
306561
44421
11655
208263
306570
535948
11661
175513
109986
77222
372141
273841
142771
77236
175540
44474
175546
44476
273850
273855
536001
470467
306627
404933
536006
470471
11720
175558
44488
306636
404948
339413
273878
536027
273885
273886
372191
241124
503278
306672
437745
175600
175611
372219
273917
208386
372230
110087
372233
142859
339468
11796
405013
241174
208406
437785
241178
273951
339491
175653
437797
568872
77355
110142
372288
405057
77377
536138
372300
142924
470604
273999
44627
536149
503383
77400
274010
142941
372319
208479
405093
437862
470632
437872
470647
339575
208506
306811
568956
372353
142981
470663
405133
175757
339597
405136
306833
241305
44700
175785
77481
536237
503470
372404
44724
208566
175798
110265
175804
569021
241342
405183
372415
274108
569037
405197
208594
569046
306905
143067
437981
503518
405223
339687
339690
208618
569069
44781
175855
274160
306931
241396
175870
372479
405246
503557
208646
175883
12044
405261
143120
470801
372498
306967
470811
438045
274209
12069
143143
44840
438060
306990
12079
503600
143154
12085
175925
438071
110392
110393
274232
143171
339781
503623
372555
12108
405324
241490
241491
470871
307032
307034
274270
143198
536417
110434
110435
274277
175978
208748
470893
503663
208752
274291
77686
372599
405368
12153
110459
470911
470915
241539
274314
438154
208779
438157
569234
208793
503714
405418
470957
372660
77752
569274
372669
405437
339903
12224
208833
110530
372674
372683
372685
405456
176084
77783
471004
405469
569310
569314
110562
339938
471013
208871
536554
241643
372714
77805
110573
208880
438258
307190
372727
274424
372729
536570
405499
438268
77814
45058
274437
143367
176136
176138
339978
503822
405520
569363
339988
438292
438294
405529
405530
110617
503837
536605
536609
208931
45094
340007
45097
176176
372790
471095
241720
438329
471098
241723
569401
438333
340034
208963
307266
438348
536653
503886
77903
45136
208978
340060
372829
143458
503906
241767
569452
274541
307315
307316
209012
143479
209018
143482
176257
209027
340102
12424
274571
569484
569492
143510
405657
503963
12448
209056
536741
569511
176295
110761
45226
340139
274605
438447
209073
143538
340148
143540
176312
536760
307386
12472
176318
209089
143554
176321
143553
110790
78026
45259
438477
372943
274640
274642
569561
143578
110811
45276
209113
536798
569567
405721
438497
78053
340200
209130
78058
405740
78061
504046
78065
110841
340218
340220
504070
143623
209166
307474
307475
45337
209178
504091
373024
274724
373034
504108
536879
176432
143665
307510
340278
274745
504123
536896
274753
307523
405827
536900
12614
274759
209229
274770
373077
110934
307547
209246
438623
307552
143713
176481
504159
536932
536938
340331
504170
405873
78194
110962
471410
536949
209266
340343
12661
45435
45437
110982
209287
536977
242076
504224
12704
307618
45479
536999
537002
569775
45487
78263
143800
209347
569795
307656
274888
45516
78290
176595
471508
405973
307671
537055
373223
176617
569839
176624
12784
307703
406013
111104
373249
111109
569862
12805
406026
569872
406034
537108
340501
274970
12827
504348
143901
143900
176671
143904
274977
373283
242213
111142
537128
242218
111157
45624
373305
45627
406075
438848
78400
537152
438855
537160
12873
143944
438858
143948
111188
209493
143958
143959
176726
209494
45659
406116
406121
209513
373356
438896
143989
176759
537211
242301
209533
406147
242307
537223
471690
537231
275088
340623
78482
537235
176790
307866
537246
111262
144036
406182
307881
406187
275117
111277
45741
12979
340659
570039
307897
242365
144065
537284
471755
537293
537297
373465
471773
340704
537316
406245
471785
504561
340727
111352
570107
209662
242431
242432
45829
504585
242446
570128
471824
45842
275219
78614
406296
537369
504606
406303
537376
471841
439071
45859
504617
176938
406315
504620
406317
13106
176947
308025
78650
373571
275268
340804
373575
570188
537424
406356
242516
111447
471900
45922
209763
570211
340841
471916
209773
78703
78707
209782
13175
144246
13176
177019
144252
45949
275325
209787
275332
537479
439175
471945
275339
144272
78737
242583
45976
177050
504732
504733
209822
570268
340899
308134
504747
177069
406446
111535
471983
308145
242607
111543
46013
144322
46023
439248
209875
275413
504790
46038
144345
373722
406490
144358
439271
111593
439273
439278
144372
144373
406518
373750
373768
537608
177160
111629
570381
78864
504852
537621
406550
242712
308251
439324
472093
504862
111646
111648
570410
13355
308274
373813
537656
242745
341052
111680
111683
504911
504917
308312
111705
537698
472163
275556
570474
570477
275565
308339
46195
242807
177277
46207
308353
210052
373895
504969
46223
504977
570515
406676
504982
341143
406681
504988
210080
537765
242854
439463
46258
537780
210103
439479
46265
210104
505020
505023
472256
570560
111812
341189
570568
505035
177356
79058
341205
570581
144599
79070
177375
341219
111845
341226
341230
46322
79090
439539
242931
111864
472312
46331
13565
341246
537857
537860
13576
79113
308488
210189
144660
242964
308506
406810
308509
570656
46371
341286
242984
308522
275755
46385
374068
570680
341309
144705
79170
537924
374084
472390
13639
243019
210252
46419
46429
210271
341348
243045
46440
210286
472436
570741
341369
46460
308606
177538
537986
144772
79242
341399
13721
341401
341402
570781
112029
177572
308645
472485
210344
243116
79277
144817
275893
341430
46524
472509
112066
505286
210374
275922
439765
46551
13783
177636
439784
243176
79338
210416
308722
374258
275956
46580
177658
538108
407042
210437
79367
243212
439824
243219
13844
308758
505375
112166
210471
407080
374313
210472
276006
308780
374325
243253
308792
177721
243260
439871
570945
472643
308803
112201
144971
439889
439896
79456
210528
439906
341603
112226
13921
276064
243304
374388
308856
276089
145019
79486
505471
374401
341636
407173
112269
177807
571029
407192
79513
79517
571038
177821
538270
13985
439970
439974
407210
243373
439982
177840
439987
439992
341696
177858
407238
177863
308936
407259
407260
440034
46818
276197
79591
538344
308967
407274
538349
407279
145140
177915
145149
177919
79616
112385
79619
243464
14090
276239
505619
341781
571158
440087
276247
79641
538394
505627
472860
177948
374553
177952
341794
145186
145189
46889
440106
505643
210729
309034
14128
407348
112437
243509
210751
374593
243526
243527
145227
46924
210769
341844
210777
440153
46940
46941
276317
505700
14180
243557
178020
309096
341865
243564
14203
505728
178053
79754
571275
440204
341905
309137
407443
309139
505750
210844
47008
210848
309153
538534
14248
538537
14252
14253
112568
505786
178112
276418
145348
112581
374726
145351
571334
14281
112591
145360
538581
178144
571364
145385
276459
276460
79853
47093
178166
473082
79873
505862
178184
538633
505864
79883
309260
538637
210957
571407
309267
440340
505885
342045
178208
309284
538661
243750
505898
309295
473144
571449
538682
309314
538691
14402
309317
243782
47173
276552
342086
112706
276559
505936
407634
440404
145497
145499
14428
538721
407651
211048
243824
473206
145528
473210
505979
571516
538747
80000
440449
47235
211079
14487
506011
14493
342174
440480
309409
473250
473256
80041
473261
243891
80053
538805
407734
145593
407739
342204
276671
342211
211141
145606
14533
243912
14537
440522
506058
538822
309454
276686
440527
440529
571603
440532
80084
309461
243927
407770
506075
80094
145631
14562
145638
178407
375016
276711
178410
342255
342259
178421
211190
243962
178430
14591
407806
47361
342273
407810
342277
112905
342283
538891
309517
407822
211215
178446
243980
571665
342293
211221
309528
506140
473373
342302
47391
47394
211234
14629
440614
309552
178484
112949
178485
145718
244022
80185
571702
375099
506172
571709
112959
47425
473411
342340
440646
145734
211272
211281
473425
112978
244049
538965
145751
538979
571750
80231
538985
276842
244078
538990
506226
342387
571764
571768
473466
145793
47489
178567
113032
407945
47498
113037
407949
80271
506256
571792
178578
47502
571797
47511
571799
178587
473499
14748
309662
571805
407963
14756
473508
178598
80295
14768
571825
80306
14769
506290
145845
211388
178620
14791
276937
309706
80332
375245
211406
80337
539098
571867
211420
276956
309727
309728
113123
506342
14824
211433
145898
276972
571887
375282
473590
178682
440830
375296
571906
408067
211458
80391
473607
309773
244241
113173
14874
375325
539167
473632
277025
47654
80426
244267
14892
80429
277038
80430
47667
539189
244279
113211
244284
47680
342593
178753
113223
277064
473678
14928
506449
440919
113248
113252
178789
440940
572012
572016
14961
309873
244339
47735
14969
342650
47739
178811
14970
146049
375426
178821
342662
408201
572042
244361
408204
277129
342666
506515
211604
47767
178840
15002
408219
146076
572061
309916
178847
506530
277156
211622
342696
539307
473771
539309
473774
211631
441009
15029
506550
375481
572090
375483
178874
309948
473793
342724
408266
408270
277202
211677
15069
211678
408289
80609
408292
146150
408294
80619
342765
146162
572147
113397
342774
310015
80651
15117
47886
572174
506641
15122
441108
342807
178971
113436
572194
506659
15140
375591
178984
408364
211760
572209
572210
178996
375606
473911
146236
473917
47935
146240
277326
441168
179024
47954
539475
80725
113493
572245
15193
15195
572252
441180
211806
506723
80742
539494
80747
211819
113521
310131
179060
244596
310136
80771
277383
375688
572295
277386
146315
277389
408469
113561
15257
48032
342946
539555
113571
15269
572326
310185
277418
48044
146348
277422
375729
277426
539571
113588
211892
539573
539575
277439
15297
310214
375755
539596
113619
211927
375769
343002
179170
572391
244713
179186
80883
506872
15354
474110
179199
80895
48129
48126
539647
15366
146440
474123
343053
80911
146448
211985
310289
48150
310300
277533
244768
48163
80931
179240
48169
375857
408625
80952
80953
474168
146492
343104
375875
15427
146504
441419
310348
146510
48209
572505
375899
113756
572508
310364
310369
343140
212070
408681
539754
506987
81004
343148
212080
572529
441460
572533
474230
506999
179319
179322
441471
179327
343167
48257
146561
310407
572554
81035
539787
310411
48270
375951
474256
408722
48281
441500
572572
48287
48289
507049
310442
81065
146602
310445
441518
179374
474289
15544
507065
15546
310457
244925
146623
48320
507073
244931
146627
539844
572615
539851
277709
310479
343248
179415
15576
343257
408792
310493
15582
15588
244967
15600
474353
212227
15619
572680
539920
310545
146710
376087
48408
376089
81177
15645
539934
507167
507168
539937
441633
48419
48417
277797
408874
179500
507180
179504
277812
146742
474423
277821
376125
441663
179520
81222
179526
245062
572745
310606
212303
113998
408917
81239
507224
212311
179551
343393
277858
277857
540006
245096
48489
343403
343404
15725
48493
114034
114035
572789
15735
179576
81274
15738
408954
408957
310654
376193
179586
81284
114052
114055
540039
507273
310665
572811
114061
81294
376208
540057
540059
408989
179615
408995
376233
376236
441772
179633
245174
409016
277945
409025
277956
310725
409030
409031
540106
212427
507339
81357
277968
245204
441814
245209
343514
114141
441824
179681
212451
540133
474598
277990
310759
474607
474609
114162
179699
15859
146936
507385
441850
81401
310783
409091
441862
15883
409100
310796
540174
278029
441873
376342
540196
48679
540203
507436
474668
114222
540207
507438
540209
245298
278066
376372
507444
81463
147000
376377
343608
376381
114239
376384
212545
507459
507460
48711
114249
409165
507471
278096
179793
114258
245337
179805
15968
507489
343650
48739
179812
278115
48737
343655
540264
48749
507502
147060
474741
278135
310903
245367
15994
179839
540288
540287
573058
310915
376450
409221
409216
573063
179850
147091
540307
114326
48791
343704
442008
278172
278174
573087
212641
409251
245411
114352
114353
81589
376502
343734
310968
278211
343748
245447
409291
376523
278224
278226
245460
16084
278230
343769
212698
573149
212704
16098
147172
114404
212715
147179
376558
442094
278256
507633
442097
147187
474868
278260
343799
442104
179961
278265
16123
48893
179968
343812
81675
540428
16142
409360
278290
409364
114453
540439
409367
311065
114458
507674
540444
278301
245530
278297
442148
442150
81704
48937
81707
343852
16173
180014
212781
48944
180020
343860
540473
81721
343867
409403
474941
180048
245590
278359
16216
442206
409439
278371
540520
343914
16237
311149
442225
507761
180083
81779
442231
442232
376697
311162
212859
49022
573312
16257
442245
311173
376719
16273
147346
343954
81809
507794
376731
442268
475037
212893
343969
475043
81827
376740
409510
573357
81838
147375
442287
475056
507826
278450
147386
147393
344005
540614
311240
376776
409546
311244
114648
344025
278494
507871
245729
16355
147429
16359
49128
507881
212970
311273
442348
212967
376817
147444
442356
409591
147448
475130
114684
376829
16382
376831
540670
442365
409603
212998
213003
311309
376848
442387
16403
278549
475158
213020
114717
245797
507945
180267
114732
213036
245806
475184
442417
507952
278579
278582
213048
245817
180283
245820
409661
573501
180289
311361
507979
311374
376911
16465
311378
442451
16468
344149
245842
147543
442461
540765
573536
114786
114788
508006
311401
49258
409708
376947
540790
376959
278656
82052
278661
114820
475271
508040
278665
245898
82053
114828
147600
508053
409751
508055
376983
213152
540834
442531
49321
213162
245932
508083
114870
180410
475325
344255
540868
311497
82121
344271
16593
278737
278744
540890
475357
213214
377055
82147
114917
540912
344307
246004
573686
180470
114937
246009
540926
213247
180480
180483
475398
213260
442638
409872
16660
49429
377110
475415
246040
180504
213276
573725
114979
540965
246056
180521
442666
475439
82228
16693
442682
278843
311612
147775
246081
377157
82246
442695
377159
180555
82255
180559
311635
246105
573786
147806
475488
16737
442725
442726
246120
278890
213355
409964
246125
213359
180593
49522
311667
475509
541050
573819
82301
541054
409985
475527
475533
213393
278931
246166
213408
344482
442790
213421
115117
344498
508339
541108
278963
180662
16823
573874
213434
541117
16831
180682
541131
82381
147919
311763
508373
115158
475613
311773
410084
180718
49648
410101
279030
147960
442875
147963
344582
82438
573958
475658
508429
311822
410126
49682
344597
344599
541209
180764
213532
410143
508449
279076
279078
573995
508460
246318
442926
213552
246322
213555
49719
344632
377412
279108
213579
115275
410190
377423
82513
49746
115282
16980
180821
213591
279131
311902
311904
115296
508514
442977
49770
17003
442988
279149
82542
311922
213621
49782
82551
311933
377473
377476
541319
279175
246412
410255
115345
344724
410266
115355
311964
344735
246434
344741
475813
377509
377513
246442
377515
213674
443049
148146
574135
279226
311996
213693
574141
541374
574140
443074
410312
279241
574154
148170
246474
443082
279243
180941
475856
148176
344782
410323
443094
443095
344794
279259
410337
377570
344806
82666
475883
377578
115442
541429
49913
410366
115455
574213
148230
312072
115465
410378
410380
213773
377612
49933
148240
17170
181013
443160
181017
17181
115485
246563
312103
443180
377647
475952
279345
475957
246589
181054
344896
115521
443204
246597
508741
82759
475978
508749
475982
213838
246612
475995
50013
213854
475999
246626
246629
377701
148329
279401
443243
508780
344941
50028
279407
443248
115569
508787
410484
279415
246649
115579
279422
50054
115590
82822
541574
50061
213902
213904
213905
181136
508822
312216
279450
574368
476065
17313
279457
410535
508840
115626
213936
377777
50098
115635
312247
443319
410554
345019
345020
508861
115645
148415
476094
279491
574404
115652
508872
246729
410571
213970
115667
574420
476125
345053
246753
246755
312298
214001
574453
574455
82936
246777
476155
574460
574461
246782
574462
410627
82947
115721
508944
377881
148506
476188
50204
574492
541727
279580
508962
82984
17450
508972
377901
82990
345139
82998
246839
508984
83000
246841
443455
148549
50245
476230
312390
148551
17484
312398
115791
509009
83034
509020
279647
509023
181343
50274
574563
50276
541797
345188
181356
115829
115830
279674
345212
509054
443519
345225
476298
345229
541838
246927
279696
17559
181403
17566
115875
83110
410791
541868
443564
17587
574645
410805
476344
83134
574654
181446
378055
476360
541897
541898
476363
115917
246990
541901
574673
279762
279764
378070
574678
181466
509149
247006
443618
115939
541926
378092
50414
214257
443634
214265
279803
476412
247037
541950
541949
50429
83204
181511
509192
509194
378126
214293
247065
279838
214305
443681
410916
279846
476455
279848
443689
541994
574760
148780
148781
181551
116017
181554
509235
410933
214326
345399
83257
542011
443712
443718
509255
181576
345417
247114
279883
116043
214349
509262
476493
410960
443727
116049
574804
476501
181591
574808
542041
17755
443741
247136
410980
574825
279917
574829
17776
214386
181619
574839
50553
279929
279931
411007
50562
50563
279940
312712
574857
542090
148879
542101
214421
574870
542111
116133
50597
279978
443820
542129
116147
509366
443835
50620
17858
116166
148937
148938
280022
345559
345560
17883
378334
50662
378347
574955
574957
50667
574961
116210
542200
50686
214528
17923
378373
181769
542221
280083
575006
411171
575012
116261
575017
214571
575020
312877
280114
17972
509492
83510
411189
280119
312889
50740
476731
345665
476738
509509
247366
575049
509514
181836
575052
575055
509520
181841
575060
542302
378466
181860
378471
411241
542316
181870
247407
575088
116334
378482
50806
575096
247416
444024
149115
83580
247421
378499
116356
411274
83601
509589
476827
280220
149150
509601
280228
83627
247469
50863
378544
313009
83635
345787
247484
575164
280254
411327
378561
50882
83654
214727
345799
18127
313047
83672
575194
181980
476893
247521
345833
313066
542443
313071
149233
116466
280307
575220
345844
50939
313093
182025
182027
509712
280340
345882
83739
83741
378658
476965
476971
247597
18224
83761
50992
509746
411445
542537
18270
83808
477025
83809
313186
182118
149357
51054
411501
411505
575349
411513
345979
444285
313213
542591
313220
345993
313228
149388
214924
280464
149394
83866
51100
313246
247712
83873
411554
83875
444324
378786
51110
411559
247720
214961
444339
542643
346049
411587
18377
444362
411596
477136
378832
214995
542678
509915
18396
346082
116708
346084
247782
215012
575461
346089
509927
18412
346095
346097
509943
215033
149498
149500
313341
346109
575487
18432
247807
51197
51203
116735
542723
542718
18444
116755
313364
411669
51222
542745
378907
575519
280612
378916
575526
247849
346154
18475
378922
280623
378929
149554
444467
313397
444470
346168
411707
477245
182334
149571
346179
18501
477259
477263
477266
411733
444502
51285
182362
84060
411740
182367
149604
182373
51302
215151
149615
84084
411768
18554
51324
510080
84097
51335
116872
346250
575631
116881
84114
542866
575637
313494
182424
444568
575641
346270
575649
575652
444583
247976
247982
247986
84147
18614
182455
313526
280761
510138
542910
542915
346313
575691
542928
313553
444627
280788
379093
215254
575702
477408
313569
248034
18656
575719
18666
149739
313582
51443
379130
149755
477438
280833
510209
510211
51461
542984
313609
575756
149774
51470
149780
444692
51478
477466
477467
84253
346403
477475
51493
510246
117031
248104
117034
51500
379180
149812
313653
117049
379193
444746
313675
280909
248141
215376
444755
543065
84313
346462
215396
248170
346481
477555
280951
149881
444801
444805
280968
149896
575882
215436
280976
51606
18841
346521
412059
510365
510366
280990
84383
510371
215460
215462
313770
248235
51628
84396
575921
313779
346550
182710
248250
248251
510399
346560
18882
84422
477641
281038
51663
18896
346576
510424
575961
248283
444895
281056
543202
412134
477672
379370
84460
248300
117230
18934
248315
444927
543231
150017
215553
215561
215564
281101
182799
313873
51735
215582
215584
18982
379434
412208
18994
543284
117300
117302
150074
215612
248382
84546
510531
215622
215627
182860
477774
215631
248403
510548
150100
445014
477782
51800
19036
281181
215652
150117
84585
379498
313968
84594
445046
412281
182906
117371
182905
215677
281215
150144
510593
84610
19090
182933
510616
314008
215706
215708
477853
117404
543389
379552
510626
182947
346788
150184
84649
314026
117417
346799
543408
150192
412338
346806
445111
477882
19132
576188
314048
510656
379586
445128
51920
510676
51928
314074
576218
379613
576222
117471
543454
314082
84712
215787
183020
346862
346863
19182
543470
412407
576253
19198
314112
117507
248579
510731
248591
510735
84757
117532
576286
477982
543520
281377
543521
215840
52003
52010
543531
52016
576305
445233
215863
215866
215867
445244
52030
314174
379713
52036
346950
510790
215881
445257
346956
314190
346965
445269
346972
314204
52073
19313
52086
52087
576376
19318
478076
52094
412544
445313
52096
281475
543617
84867
314247
183176
445323
510861
445334
281495
281496
543642
543657
445355
183212
576427
183214
543663
183219
314298
117691
412602
576445
281541
183237
510919
183244
576463
347087
183247
281557
216021
445397
183256
248789
445405
84959
379871
52193
314336
281573
510955
216044
150512
19441
412658
216051
19444
576500
412657
248823
445435
347131
478204
117759
248831
281601
510977
117764
510980
576517
248839
347144
412681
314378
117772
117774
576526
19472
314385
248854
445464
52250
85019
150559
19487
183329
183332
445477
379941
19501
281646
216110
314414
281650
478260
445495
52295
379980
52308
412756
543830
412761
52314
478298
347228
85085
576607
19552
216160
52324
281701
380007
150640
543860
576629
183414
281718
347256
117884
543869
117891
183427
216198
543881
347274
19594
281742
281743
281745
150677
543895
347292
445597
314526
216223
216226
314530
380084
511159
85183
576704
576705
347331
314565
478407
85192
216265
52426
412876
183502
52433
216279
347352
347362
478434
281837
216303
445682
576754
347380
543986
314614
576759
380148
183539
511221
249086
85247
445695
19714
412931
19716
85252
216326
216324
347403
478475
511249
576792
183585
576810
118061
576816
445745
281906
249139
478518
249145
150843
52543
544065
118086
347463
478537
314700
118097
445777
19794
413012
150872
445785
314714
85340
511324
380252
118110
281952
216417
183650
314729
445810
413044
281972
413046
314741
478582
52603
183677
19838
314758
478599
85390
52627
216468
52631
118169
118171
347555
413092
380330
150955
150969
249275
314812
249276
183740
478652
413124
413126
478664
150986
445900
478683
314846
413154
413160
249325
544238
511472
85491
19957
445944
52729
183805
19967
347648
478724
216581
118278
347655
380429
347663
544272
282134
85527
118296
19994
347675
380449
380455
249384
347691
85549
347695
380474
380475
413245
511550
314944
380484
118343
183882
85579
478798
183889
446034
478802
151124
151125
249430
216663
478811
478812
183905
577122
118369
380516
20069
20070
577126
85604
183910
183914
347755
52844
249453
249451
249455
314992
446064
151159
282231
282234
577148
315005
118406
347784
315018
282251
446093
249489
315030
478874
446106
151200
413349
511654
282279
52901
52902
380586
118447
85688
216761
478906
151227
347836
446141
347840
20161
413377
249536
52929
347848
151250
511700
544471
282329
347866
20188
380639
282339
544485
52966
347877
20202
347884
413421
85747
315126
151287
478968
511742
85759
446209
347908
544522
85774
118544
249618
216851
216852
53015
544538
151322
413472
118563
85802
85814
20279
544568
446269
511806
315200
413510
282444
446285
118605
380752
20305
282450
315218
118612
511829
20311
53082
53088
413538
282471
544615
85865
151403
20334
216944
85876
184181
282485
85881
413562
315269
282503
577416
544655
479120
85905
413585
20367
511895
446359
118679
184218
348059
20376
184224
184227
249764
53157
184230
118694
20389
249770
413615
544690
20410
544701
151486
20414
479168
53184
151492
282566
282568
315338
53196
217040
118743
118745
217054
511967
249822
20450
446436
184295
511977
20459
479213
86001
118769
282617
446461
446462
348157
184319
184320
118785
380928
577544
446473
315403
20491
151566
151567
86032
118802
315411
86036
577556
577558
348179
151576
544796
446494
184351
184358
479272
348202
282667
479280
86064
380979
446517
380981
118839
282679
53304
348217
86075
217153
282692
512070
381000
282698
446539
544850
151637
446557
315486
413791
282719
315487
282720
53347
217188
86117
446559
53351
20575
413805
282733
512112
282738
577653
20598
20599
118906
381051
118925
544913
151699
512151
118936
53404
315549
479391
53410
512166
184490
20651
184493
151729
381108
479412
118966
577717
217271
381116
381117
151742
53448
184520
413900
86221
381134
315603
479443
250069
544983
53464
20698
479452
544994
315620
479461
86249
217323
119021
217329
119026
250103
315640
315641
217339
119036
446723
20742
545033
151822
413970
479508
151833
119065
512282
151840
119075
315685
512295
53546
250155
545066
53550
315696
577840
282928
348467
512307
20788
348469
217397
381238
282942
282943
512320
315713
381253
479560
479562
53580
250195
315732
479573
217429
545114
446812
119134
315742
217440
53601
53604
86372
282982
348522
479597
446835
545145
53632
119169
53635
283012
512387
184707
414088
250249
86409
512400
184720
381330
577939
381332
446868
512405
151959
348571
512411
512416
414113
479651
545187
283045
184746
283055
348595
315831
414137
446909
348606
545214
479680
348609
446917
119248
53712
545249
53731
152036
184805
545251
578026
479723
414189
184813
250350
283120
414196
283125
20983
250360
217593
414201
315899
184827
512509
20987
414204
250368
53756
283129
250380
53774
250383
381458
184858
250395
381470
250400
545312
184866
479779
545316
184868
86560
545314
53800
86569
119337
512561
283186
283187
381492
315964
479808
414276
578119
545353
283216
414289
315986
119379
86611
479829
283222
447062
381529
381533
447070
86625
184937
250474
545390
53870
447090
512634
348795
184954
86654
86655
545409
21126
414343
53897
184972
447118
512662
53913
512667
316060
21151
479903
545441
381607
381610
414381
250543
21169
119476
86708
185015
381626
53949
21181
381633
152258
119492
250565
316102
479944
86728
414410
447179
119502
414421
250588
152286
381664
414435
250597
53990
21223
447208
185064
152294
152309
250614
185080
447224
54010
119547
414463
185089
545538
578308
250629
447237
152326
21253
414471
119560
119563
119561
283405
250639
152336
283408
119571
152340
54037
578326
348950
578330
21276
578341
512806
217895
578344
21292
578356
348982
283448
480059
512827
86848
578369
185153
217929
316237
414548
86869
119640
480088
316254
447330
512869
447336
250730
447339
54124
250737
545651
480116
21365
316281
349050
578427
349052
250749
512902
545673
185229
578449
185240
283548
119709
152479
316320
349090
349099
512944
185265
218035
578484
152501
152502
578492
54205
480192
381889
578501
381895
185290
218060
54225
86993
54228
119766
578521
578523
545756
578525
21470
414684
349154
381923
447460
512995
283618
414698
152556
218096
480240
349170
218099
87027
152566
250875
283648
54273
250881
513027
545796
185351
578570
480268
414736
87056
513042
152598
250903
414747
250910
316446
447520
54304
250917
513066
152623
21551
185393
152633
480313
250939
578620
87101
513087
87105
119876
447557
513093
218183
152650
513105
54354
283729
21587
513108
21592
218205
447588
513124
250990
87151
283761
414838
218234
447613
218237
447615
382078
185479
21641
251019
54411
382101
447639
545944
54425
480411
54427
382109
21662
87199
251045
414887
316583
21674
152746
349354
87214
185520
218294
283835
316605
447679
152769
480451
545987
120007
152781
578766
185559
283868
185571
349414
251111
414954
251115
382188
546029
54515
54516
21747
21750
578807
21751
513274
120059
447740
480509
120061
54527
414975
447741
546052
21764
546053
447762
21779
283928
447770
251165
316703
87328
578849
185634
251168
283942
185639
152871
447787
415020
578861
513324
578866
283957
316727
120120
218430
513354
382289
283985
480595
120147
21846
578903
447834
120155
218459
120159
415073
185700
546148
578924
152942
546160
251249
120178
349559
21883
185730
415109
447883
546193
349590
546203
54683
415135
185759
513440
546210
513449
218539
546222
185777
153013
120246
120247
153019
284099
447941
218569
382411
153036
87501
218574
349647
415185
218579
54743
185818
21983
447967
579042
87522
87525
480741
21991
251368
251365
185832
316901
185838
284143
22004
185850
120320
415232
185862
546311
120329
251404
54796
120333
251405
153104
546320
349709
513550
120340
87569
54806
54803
218644
120357
513574
513577
153130
316971
480812
251436
415280
218674
349750
546361
87610
251453
546366
513600
87617
87616
448064
513604
579138
448069
579145
185936
251475
480852
284246
22103
185945
87642
317022
218721
317028
251493
87655
448105
579179
120428
185965
22123
120431
251503
87662
54899
480883
153205
54903
120441
415354
349822
251523
218759
218760
513676
480908
218766
513692
382620
218784
415393
317091
54949
382636
317102
448175
382638
22193
284338
448181
317112
87738
415420
120509
284349
415432
349897
186056
120527
349905
218836
415446
546518
382693
513768
317162
251626
349932
382701
382704
153332
349944
22265
317186
87811
317188
448259
22275
251655
579337
546577
186130
349974
153380
481064
415529
87850
317237
415545
448317
513854
218941
415551
120643
22341
382789
87880
382797
87889
284498
513873
546643
546646
448343
481113
579418
481115
284507
513887
22367
546658
481124
251752
415594
513899
579438
153455
186226
55155
513908
481144
153466
415613
284542
448381
350081
120706
382855
579466
251787
153486
55184
317330
513946
481178
415647
415648
120737
579491
186276
186275
317349
448423
546730
513965
153520
87986
415669
55221
481212
415684
546757
120778
55244
579533
120783
350160
251857
88023
153563
251872
382945
22501
153573
186342
55269
153578
382954
55276
284658
55288
382969
251897
448507
382971
186361
22526
186368
579589
219141
579591
153609
579594
415755
153616
382999
153624
514071
415770
88087
350234
153631
284703
546847
153634
350240
415790
448558
481326
88110
284722
383029
219192
219194
317500
579648
219201
219200
55363
22593
153671
120907
153677
55375
251985
579666
383066
55388
512503
383087
546928
219250
350326
55417
415872
350339
252036
252038
55434
120971
415885
317587
153749
252054
88214
579736
350358
219294
448671
186526
415903
481442
415909
252069
579758
579760
481457
219312
448689
186550
219322
252091
448705
481479
579785
415946
88270
121040
284886
121046
252121
55514
121052
153822
547039
153827
252135
383211
514283
121068
481518
350447
284911
55539
448759
350457
22777
448761
350463
252162
284934
219399
153871
219407
22801
383267
153892
153896
481586
350518
514362
481596
579901
547137
219458
448837
22854
22857
153931
579920
153938
285013
383324
285024
22882
481635
514404
121193
219502
514416
55668
579964
481663
121219
55689
121226
88458
547212
547222
252311
514456
481689
579995
350620
154013
580000
154020
481702
55723
285099
219565
350644
22964
416181
252344
383419
416188
285115
448958
186816
547265
350657
55747
317896
416202
22987
448974
383438
580052
383446
154073
186844
252384
252388
383462
252391
547307
514550
416247
350712
449019
285180
88572
350717
514556
88576
514559
55808
121349
580104
23050
285194
481804
449037
23054
121361
350737
121365
186906
285212
481821
154145
88609
55849
186923
23084
318001
449075
416309
514622
55872
449089
383553
55874
318022
481866
55882
121420
88653
154193
219739
154204
23134
350819
252518
55912
121453
285296
55922
580212
285302
219771
514683
547457
481931
154254
580238
252558
547471
55951
154263
88730
547485
350878
547487
23200
580257
187045
449191
187047
514731
187054
121519
580274
547509
121534
416450
252614
219848
318154
481996
547533
23245
23247
23250
121557
449238
383703
383704
416477
121565
154337
318179
56040
154354
383733
88825
318203
285437
121598
416516
514821
350984
154377
514826
318219
154379
23311
285457
121619
187156
252691
285462
547607
252696
580374
383768
219926
351002
580382
252702
318245
351017
514860
580396
219958
580408
154424
187194
23355
187196
219966
88895
416576
252738
88899
449347
449350
482122
514891
383828
514904
285534
88928
383841
318307
416612
187241
121706
416622
252783
416625
580466
514930
449400
449402
23420
252799
252801
514945
580487
547722
482187
220045
252813
285583
220046
547726
220050
383890
121748
121749
285588
23447
187287
154518
121754
482196
580505
351133
351134
351140
514984
580523
416697
449466
252859
416700
547777
482242
121795
285634
56262
449480
89033
187336
547794
416723
220115
547795
383958
56283
252902
187371
351217
449522
547827
121849
23546
252925
547837
416767
23551
580609
580613
351239
252940
580621
89103
121875
482326
89112
23579
154652
384029
285727
318497
121891
187427
23594
187435
187442
187443
384058
220221
449598
482367
318525
252994
220226
154693
187462
482381
56405
515158
89174
23639
384089
220250
580695
416860
89181
89187
416875
318573
351345
56433
285811
154739
56437
56435
515191
89212
285821
515198
220284
449669
187525
482439
253065
89227
89228
318605
515214
416911
253072
580753
122001
482454
187543
56473
449691
220316
23709
515229
154783
89248
253087
416930
384160
384166
580778
23723
482476
351403
580781
384176
515249
89266
318646
23737
187577
220347
220348
548029
89281
23746
285891
89285
351430
285893
187592
89288
56519
515275
220364
220366
154835
318677
318678
122073
548067
515301
351463
154861
580849
220402
318706
351480
23807
417023
220419
154884
580870
122120
154888
318733
56592
351504
56594
122135
89367
482590
154916
449839
220464
154928
286000
220463
220472
286013
89407
515392
318785
580930
220485
449865
187722
56651
56650
56656
89425
548177
548179
122199
220504
384346
548186
187738
515421
187743
482665
23914
580971
154987
351595
23919
220531
515444
23927
449913
449914
548223
122239
449919
417151
286081
23935
384389
318854
351622
318857
187785
482699
187791
482706
187795
449939
253335
449947
56733
581022
23967
384416
56738
122277
286119
318888
351656
449959
23984
23986
23988
318904
482747
220605
482750
515518
581056
23998
187852
89557
187866
220638
122335
548318
286174
515561
482801
89589
155125
253430
515581
548351
220673
351749
548361
482829
417295
417298
122388
24086
89629
155165
253470
450081
155170
351783
56872
24103
548391
24105
253485
253487
24112
319024
417330
89651
384559
89652
482872
155194
56892
581181
351807
24132
581189
417355
482894
581199
581198
417365
122453
515673
24159
155231
188001
122467
548451
122469
548452
89703
450152
384617
581226
351850
155245
253550
24175
482928
351855
450162
220786
351861
515702
220795
581245
220799
319104
253577
581258
319115
286349
89741
286353
450193
155285
89753
286362
515742
581278
384673
188067
155302
89773
515760
220850
122549
188085
89788
220860
483008
548548
417481
89814
483033
483038
319201
483048
188137
450282
483049
515821
188143
24305
24307
24310
253691
286460
122631
515850
417549
286484
24343
188183
89882
188189
384811
450355
515899
417597
319293
24391
155465
253770
89930
89931
253773
352073
450383
548689
352088
450396
24414
548703
450400
417631
548702
384874
122731
24428
57198
221038
548723
319350
581496
253827
483205
221067
483213
122766
286606
352148
450455
90011
384924
319388
122782
319391
384930
548772
548773
581542
450471
581557
352182
253887
221120
384961
57283
24516
286662
352199
319432
24520
24518
516043
90061
516049
90067
352217
57306
286685
221156
384998
24551
483305
548843
548845
450543
122863
24563
188405
148168
286723
352259
253956
221187
450567
253960
253959
516106
221199
155666
483347
516119
417818
90139
548894
122918
417832
417835
188460
483374
221232
286773
155705
254011
352317
188482
122948
548935
417870
516176
57427
155735
581719
188505
319581
188510
221282
24674
122981
221289
155754
548974
254063
24689
188529
188532
122997
450684
155774
254079
352389
123013
24712
90251
352401
57491
483476
450711
385178
286876
581789
155806
417961
385194
352427
450737
254131
319669
57526
417980
450748
188606
57535
352444
221378
188613
57542
24776
516300
221390
57550
188623
90319
254167
57560
24794
385248
483553
352482
254177
90341
286953
155883
221420
57579
221422
385262
352497
188657
516341
155894
254199
418042
549115
57595
319741
24828
319743
155908
286981
90374
155914
418065
319765
450840
516380
123166
155936
254244
319781
57639
385320
483630
287024
188723
549172
287029
352565
418107
287041
123201
319818
385359
450897
221523
24915
188757
418134
57684
319841
516462
352623
221555
57719
221560
221562
156026
90498
418178
483714
516487
418185
24971
156045
352654
287119
90516
352660
57750
90523
156060
450975
287136
450977
516516
25005
188845
123312
483760
156084
352694
57782
483766
352703
451008
123333
156102
90569
451018
516553
483788
254410
549327
287190
90582
156125
451038
221661
385504
221663
90594
385505
221669
319977
385519
418292
516596
123382
319991
352761
57849
418300
287233
188929
287239
483851
320015
483856
221713
287249
385555
123411
25103
418329
156192
156202
385580
352813
385582
549423
451121
451123
549427
25144
221755
549435
25147
320059
123457
25158
254535
287303
25162
156236
287308
516685
25167
123473
254556
451169
189026
156260
516712
418409
451184
352892
254589
385663
287361
57995
451214
287374
221840
385684
25237
90778
352925
254625
549539
156323
287399
221864
352937
451240
385705
385704
189103
549559
123579
385728
25282
254658
418500
320194
189127
516808
25290
451275
451274
189136
385744
418517
156375
385753
189152
484066
156391
287466
221932
287469
254701
254703
189168
353009
385779
418548
90869
353012
418563
90884
451336
418575
484113
451346
287512
189209
123677
287519
189224
25385
418604
516913
484145
549683
484151
58171
418620
516924
287550
484165
222026
25423
254800
25425
287568
451412
156504
189274
484186
189280
156512
385896
353136
549746
123766
516984
189305
549754
320379
516986
385918
156543
516990
516993
254850
320390
254861
91023
91041
123810
517026
320418
91045
549797
418723
549804
517038
222127
353200
189365
484277
451511
517049
484281
189371
222140
484288
385985
320454
123851
156620
451533
254926
254925
25552
25548
254930
549841
418772
549845
353237
320467
484313
320478
517087
320480
91105
91110
287718
58343
156651
517101
484336
386035
58355
353270
287735
287737
386043
451580
287741
484354
484355
25609
517133
254990
254994
91155
517140
320537
386079
353316
386085
451623
386089
549932
189491
222260
25654
222262
222264
58425
123968
123974
222283
484432
58448
549971
353366
418907
418912
320609
124002
222305
156776
451690
189550
25710
517232
418927
58481
222324
451703
91257
418944
25729
255112
386187
91276
189588
418964
91289
484506
25755
386204
386203
25758
156833
222371
386211
124069
550056
222376
91310
386224
189617
484531
156852
353460
91318
550073
124101
419013
550089
25801
320715
419019
353483
484564
386261
58580
91353
124122
419037
222430
189666
58595
255203
550117
255209
156910
255216
484593
222453
386295
255226
451834
320763
91387
189694
25855
451842
419076
58630
156939
25872
320785
124178
288018
91416
517403
124197
419110
288041
288052
189750
320823
156986
353595
288061
451902
58694
419143
484681
157001
91469
550222
157006
58708
419158
550235
157020
550237
255326
419171
255339
517484
517487
419186
386419
58738
550258
419190
189810
288123
222588
157053
353663
25984
550273
550277
25990
157063
25998
255375
451987
91544
58778
189850
189855
255392
222628
550311
255399
157102
222639
58801
288180
452022
189880
353720
124349
550338
288201
58831
58836
517594
91612
452060
419294
189919
189924
222694
58857
484842
484843
288234
124397
255471
91636
550392
353787
255486
157184
157186
157190
255495
91656
157194
91666
452115
26133
550423
550431
222751
91681
288290
419363
419369
419372
157230
321071
550449
517685
91707
255550
484929
353860
255558
550476
91725
452178
419410
255573
484951
288344
91751
91756
386669
321132
550512
419444
550521
517755
386684
255614
353919
517760
190081
485002
419467
419466
59024
255634
386707
26260
353942
485014
485016
255641
386718
91808
419489
386722
190115
124578
288421
157350
157356
190125
517807
353968
353969
452274
386739
255669
353976
91833
157370
190136
353982
91839
26302
321223
91849
124617
353999
354012
190172
288478
255713
124647
452327
288493
321262
550642
26356
550645
452342
288507
452348
222977
26374
452359
222984
157450
485131
354063
26388
59157
485142
354070
517911
517909
59165
386853
485163
517931
91948
354094
485172
517941
255800
517947
419644
386876
157503
386880
59201
59207
157516
517967
124751
157519
321363
517972
288600
190297
419677
91998
59230
223072
92001
419681
419678
550760
419689
223082
223084
419693
321390
550766
517998
157554
92020
419700
354174
386945
26504
26507
124811
485265
518034
452500
92054
288664
190363
550812
255910
419752
354218
419755
157617
419764
485306
485307
452545
124873
157645
157653
550870
419800
92122
518109
288733
518117
485350
419816
26602
288753
387058
354290
419828
59382
255992
59388
288765
124924
550911
26624
124930
124931
485381
223241
452618
92170
518158
452623
157714
190487
223256
354333
452638
26655
354335
256035
518182
550955
419884
223283
518200
321594
92221
223295
223299
223300
157771
518224
452689
550995
59475
354391
190554
92257
157793
321633
288872
387176
321642
125036
354425
288890
125051
354427
485499
321663
518273
551042
190595
452737
485506
223369
419980
223373
452750
518288
125077
452759
59547
125085
92319
59552
551073
551074
157862
485543
452776
223401
92332
288941
420013
59567
518321
387250
420019
92340
321718
387256
125115
223420
26817
551107
354500
256197
190659
452806
125125
125128
92366
420065
354532
256230
551144
354539
485613
157942
256251
157948
354557
551167
59648
289024
452866
92420
26884
59654
551175
452873
387338
518410
190732
26893
256270
387349
420120
26905
387356
256286
387358
59679
125218
387365
157989
321831
157991
59692
452909
420146
289076
26939
420156
289095
321866
551243
321867
485710
387408
321874
158035
223571
256341
256343
289120
518499
452964
452963
452966
158058
26987
26995
354685
158077
92543
289152
256385
289154
387463
551303
420231
92553
453003
92559
485776
190863
289172
551316
223643
158107
485789
27041
354738
125374
27074
190921
420304
223699
289236
354772
158167
158169
190938
125404
420316
92639
92646
190951
387561
158186
387567
158195
518647
551418
223740
420349
354813
27136
223746
354821
27142
322056
125452
387598
223761
453137
190995
453140
485909
256533
92694
92696
387606
92700
92702
289318
256550
420400
256566
551486
158272
92738
59972
27207
354888
354891
453195
191053
158286
27224
59993
420442
256603
191069
191072
453219
191078
289382
256617
289388
322160
125555
125556
191101
486014
158335
223871
92799
453250
27267
60035
223875
420487
256648
256651
60043
60046
158353
27282
354967
322201
322212
322215
420525
322222
420532
191158
191169
420546
27330
420548
158412
92879
551633
289492
322261
453334
158420
125661
551648
551651
60132
551654
453354
355051
486125
92910
420596
92916
223992
453369
125694
60158
92928
256769
125698
256771
92935
420617
125707
420626
322327
27417
125724
191261
27424
191265
551713
322337
27428
158501
224045
224047
256819
322357
92985
551737
191297
518981
355143
551752
387913
158540
224079
60240
27476
420692
60246
93015
486232
158563
93030
486247
486250
453483
191338
355183
27510
158582
486262
27516
27517
224126
355197
125822
60289
60285
551814
519055
125840
453519
486298
224155
93083
551840
420769
93090
289699
224164
322468
256936
551849
191400
27562
27564
27565
256940
355247
453552
322482
93106
551858
453557
355256
125882
453562
551869
93120
388034
388037
355272
27593
60370
289746
256980
256981
519124
256983
158680
420825
27610
453605
27622
355304
388075
453621
93175
453629
224257
93191
453644
158737
551957
191511
322586
551963
420892
191525
551974
158757
355368
257065
93230
453680
551987
486452
289845
453686
355385
388153
453697
453706
60496
486485
355415
93274
93276
126045
420960
158818
158821
453734
27750
289894
552041
191592
519275
289895
486503
224366
93298
60532
224377
126073
60539
191616
388225
355458
552068
158853
453765
224390
552075
257163
289941
191639
126104
486555
191643
388255
322720
519329
257187
322725
158887
486568
257198
60593
27826
289971
191669
60604
257215
126144
388294
93384
191691
158924
191693
486606
60623
421077
27862
224471
224470
421086
158947
126180
519398
355559
191721
191724
519404
388341
93430
388344
224505
552186
552184
388350
27902
93451
552204
191758
290062
519438
224530
552217
421146
322843
257308
224541
453918
93465
421145
355621
552234
453933
126255
388403
552244
519477
257336
519483
552254
60737
290114
421187
388421
388422
93511
322891
552267
519510
27995
93534
60769
519529
159081
28010
60780
355697
388466
454003
519541
224632
421243
191869
552320
126340
421253
28038
224647
290185
93580
93586
126355
126356
93587
224662
257434
322971
355741
388510
93599
388512
552354
126371
519588
159152
355762
388531
486839
421305
519610
552380
224702
355774
519616
355778
224711
126408
191945
126409
60881
519635
191957
323030
224727
454112
28131
290282
191978
191981
93686
355830
421367
486906
28154
454143
421380
552453
388615
421384
421393
60945
60951
552472
323100
93725
93724
355871
552482
323108
323109
257575
388654
93746
388662
454199
28214
126521
519738
323132
224830
290370
93763
388677
224838
28231
126538
519755
323147
290378
355918
192079
257620
126552
257625
519774
487007
290398
159331
28261
552549
388712
159340
28276
421495
257656
257657
192120
290428
454269
323203
355974
257670
487050
454282
421514
93838
388753
323218
257683
519827
126612
323226
93851
126625
519843
126628
159398
28327
192168
159400
224938
356011
519852
552617
487090
192181
421557
421564
552641
192196
487112
487118
290515
61139
454359
323288
290522
224989
388830
487137
519905
192234
257773
28402
126707
421623
519929
126714
290558
323334
356108
257804
356112
61202
323347
159507
257815
323352
257817
323356
126748
225053
93985
192290
225060
552744
257835
94002
192306
487220
421689
94012
290620
487228
257858
487238
159558
487244
454478
257870
126798
388947
356184
159577
126808
356187
290652
192348
94046
126816
290658
28517
421733
552810
94061
388974
323442
290676
323448
487288
290684
421759
388991
94079
61315
290693
388997
94087
290698
421773
356238
454543
61328
257943
192407
520094
28575
290720
454566
257959
159662
290734
552880
520112
356276
487349
421813
257976
61372
126910
94155
454607
192464
487378
28626
159704
520155
94174
28642
258019
126947
94179
61414
258020
159723
454637
356337
94194
192497
258036
389107
487414
94199
159736
126974
28671
421887
192513
225282
487434
487435
421902
159763
61460
356374
258071
225306
225307
356382
61478
323626
520237
356402
225331
290868
61494
323639
454712
61503
94271
454730
389200
487507
389206
389207
94299
127068
553051
159842
127076
553061
389226
159856
258165
127096
61561
225402
94334
127103
389256
553100
192656
127120
159889
290967
422040
28824
159898
159900
520349
454814
61598
422050
28835
356522
258222
454830
225455
487602
28855
94392
258240
520385
323784
356569
553179
159965
487649
422115
159971
520427
225517
520430
61693
225539
454917
553224
422155
389389
258322
225562
127268
553253
454957
225584
389425
422193
356660
291126
225591
160057
192825
192835
61769
520525
520528
389458
520530
389464
356702
553313
520554
422255
323960
389498
291194
323964
258433
553346
29059
192903
258439
520585
61832
61834
389516
356749
520590
94607
160152
356764
61852
324000
61862
160166
520614
356782
258478
29104
127407
389554
160181
225719
291256
225721
192953
291260
422333
487869
487870
61892
553413
94660
422341
29136
127441
422354
356824
487897
29145
389595
553436
225755
61918
192992
553441
291298
553442
487904
160229
422375
29161
520684
389617
127474
29176
225791
160255
193023
356866
324107
356878
487956
291349
127510
193047
553493
127514
94746
193051
389660
553503
127522
225828
160294
324135
94760
225835
94769
324145
356920
487992
324156
193090
356940
225870
291410
193108
356950
193110
291417
29274
29275
455261
488033
127588
29286
127596
258680
422520
94846
127615
29312
520831
258688
29320
488073
291466
29328
258705
357010
357013
488089
258714
160414
357023
520873
127657
225963
291499
94893
29358
62128
389815
520892
324285
455358
422591
553660
488129
357059
291526
258762
94922
488138
357069
258769
258772
160471
127704
94936
389855
357088
455393
357089
226020
422636
324338
324340
291572
29431
94971
422657
29444
291592
488206
258832
62226
160531
422677
258837
258843
193318
455464
422700
291630
488240
455473
324400
553780
193332
95029
127801
160573
193342
62272
127810
324419
455496
29521
29524
127830
62295
62297
127834
160602
488287
226145
127841
422755
357220
291686
193383
258920
455529
193384
422769
390002
553847
127863
357242
95100
226173
193405
422782
521088
226176
62336
455558
127880
521096
258954
62344
553869
521101
553871
521106
553876
422809
488346
357278
258975
390048
193442
422823
291752
488363
291760
422833
160688
553908
488373
521142
127926
488379
127932
62397
62399
160708
160712
324553
357322
29642
488396
488404
291797
357333
226263
455639
357339
422876
259037
357340
521182
422878
62446
324591
291825
422897
259060
226294
62455
95224
455677
553985
128002
521218
193540
160773
128008
95241
488463
95249
324626
554003
521238
324634
193565
29727
554021
390182
226343
226348
488500
422967
29752
128058
291898
193594
455746
324677
226376
521292
95308
357456
259153
62547
422995
193622
521306
324699
128093
455776
259170
390243
324708
29801
488556
193647
521327
128113
259187
29813
128117
554102
259192
455799
160890
488571
193659
128127
193663
455809
423046
390278
29833
128140
554125
193682
390291
390292
95380
357529
62622
62623
455853
193710
292015
455856
521400
554169
29894
226502
521416
324809
554182
357583
259284
521437
324829
390374
488682
390378
226542
62703
488693
488697
292090
226562
423173
455946
29964
95509
390423
128281
554271
193824
292127
423202
554275
423204
357668
259366
455975
62759
128297
226597
62761
554285
95533
324910
455984
292145
357690
292156
521533
324924
161101
226639
30034
423250
554324
30038
193879
161112
324952
62814
62817
423267
390499
259434
95595
357738
554346
30062
357743
554354
30067
292211
554357
423290
456064
161157
193925
259464
259465
62858
390539
30094
128402
226716
62878
423332
161190
259497
325040
62896
357814
259514
95677
423358
456127
292287
423363
521669
357831
292296
226761
161228
128462
521679
488915
554452
423383
161242
194012
423389
161246
95711
456161
259555
488934
259567
30193
423412
390646
62969
30203
194043
456190
423424
128515
554500
194056
456201
357898
259595
357896
95757
357904
554518
30231
456217
259610
357916
423455
30239
521762
521763
95789
161328
194097
95793
489011
554555
456254
30274
95812
456261
259655
390731
292428
357963
30290
357971
128599
292440
259676
489066
128621
95854
456302
226936
554620
30334
63104
554625
292482
358019
95873
489093
554630
259719
63109
390797
325261
63119
226967
554651
259743
423585
194210
161447
292519
259753
358058
161451
226988
554669
390829
358064
292529
521906
489140
194235
63166
489155
227012
456390
390855
95944
95950
325332
554710
227031
554711
358104
259800
358113
194277
554727
325351
63209
489195
128750
456433
325362
292596
554742
489207
227066
456443
194299
128770
161546
423694
63247
358158
456465
390934
390941
96030
161567
489248
63263
423715
423720
358185
194347
96048
456500
423740
128830
358206
194372
128837
161610
522062
292687
456528
522065
30549
325473
325475
554854
63337
456554
456558
325488
554866
456566
292727
259960
292730
30589
423806
358270
456578
227202
554886
292751
423832
128921
128929
260006
489385
423850
96177
391090
391101
456638
489407
522173
456640
391106
63426
292805
227269
554949
554952
522185
30665
30667
522194
423890
489426
30677
260059
96222
96223
391141
128998
489453
423919
129007
194545
30706
161777
489463
522232
30712
456696
522235
423932
227325
227326
358399
391162
194564
358405
227337
129041
161810
260118
260126
391199
227359
63521
161823
522270
292898
129064
129072
325682
358451
325685
260150
96311
325693
555073
161865
325710
456784
194643
391252
161877
522338
358502
456807
161897
424044
227439
456819
522360
292985
292988
260221
161917
260223
161919
63617
30851
30852
292999
358539
358543
161940
293014
489622
30871
325787
227485
227487
63648
555170
358572
63662
522416
325809
522418
129201
194738
129205
522423
522425
63677
129216
391361
96450
194755
63683
489670
424137
63691
325837
293070
63698
162007
555227
129246
489695
194786
293090
391400
456936
30958
129262
30960
325873
96496
489728
227587
325891
489734
456968
63754
391435
456972
293133
325907
227607
293148
456991
227617
489762
129314
456996
194850
227621
293159
457003
129327
555311
424246
63804
96573
325955
325957
325966
522576
424278
260440
489818
194907
129379
293221
96615
457067
31084
260465
162163
489844
424308
260478
194943
326014
227713
457086
358789
31112
391561
227723
522637
260500
227734
129433
129436
194975
129439
326048
63918
326063
63922
31157
424374
424378
195002
424381
293311
260545
293314
96705
391620
555461
326086
293319
326088
326092
195023
31187
96723
391638
63959
96728
31202
489958
522727
129511
293353
162282
162283
96748
326124
391662
457191
424435
260603
555516
293372
391678
31235
293382
522758
424458
227851
424459
195086
129551
555538
522771
260630
424472
129563
162332
64028
457243
457249
424483
522788
64036
457254
522791
227882
260651
457258
162346
326190
260654
293425
129595
522811
227901
391747
358982
64071
457286
522827
195149
326224
162386
555602
326229
424533
424536
162393
260696
96859
555615
31329
326243
490087
326247
457324
522862
64111
391794
490099
227957
359032
260729
227969
96897
424580
31368
326284
64146
555669
359066
326299
326300
228000
195233
129706
293548
228013
260791
359098
359105
490178
522947
359115
195275
195281
260818
293592
129753
424665
359136
522978
359139
31462
457449
64236
260852
31482
523007
162559
359168
490242
391940
555781
359180
326414
97040
523025
326420
228119
555800
31514
195355
129820
391966
97057
490280
391976
293674
490284
31532
31536
490291
64310
457538
97092
359238
326479
195408
490320
195411
228179
359253
228181
64341
523097
260953
64350
359262
162654
31582
326499
359270
457575
97130
228209
195449
555898
31612
162685
31616
228224
260994
392068
555909
293768
424844
490381
162700
523151
97173
392087
31641
195484
523166
457631
228256
555940
326570
293802
359340
490415
64439
326584
261050
359354
293820
523201
490437
228293
195525
490441
195529
130000
523217
31699
130007
523225
64474
162780
293855
228320
64481
326628
31717
392166
359399
195561
523244
162799
490479
490481
359408
31734
392183
228344
359414
31738
130043
326664
195594
162828
556056
130076
556064
490529
326689
31777
490532
523304
130088
97330
130100
457791
162880
261189
457800
359497
490570
425036
425038
392270
523344
31822
523358
293986
556131
64619
556143
228463
195696
490610
64627
359537
162930
326774
359535
261240
326776
31867
392319
130175
523394
556162
130183
392329
556176
326801
97428
261280
457889
294051
359589
31913
457901
457906
425141
97465
261305
392382
130239
294083
31943
195791
163025
490712
163033
523487
97504
130271
523492
523495
457962
31981
31983
31984
425200
326898
130291
261363
228603
523515
392448
425216
97540
195851
523546
97563
359707
392474
195870
64799
163105
490791
195880
359719
294186
97579
32044
490801
326966
163127
32056
523576
392506
64823
32061
392511
195903
294209
64842
195917
392526
523608
32095
359775
130401
261477
425320
458089
523639
359801
523641
97661
327039
130432
327042
32134
195982
359823
490897
97683
425369
458143
327073
261541
196007
392615
163242
130485
261558
294325
359864
392632
261569
359876
294348
130513
392665
163297
261603
556518
523753
196074
196075
130540
32242
65011
196085
425462
261630
327168
32258
425475
97795
261637
196098
392711
97800
491017
458248
294409
97809
392725
294430
163358
65057
97825
458275
261669
523815
523816
261673
196138
228910
392750
491058
228915
491062
228920
97849
392764
65087
97864
32329
228943
360017
458323
327262
491107
32356
97895
130666
294509
97902
32368
523890
523893
163451
556669
392829
32386
65163
261774
32400
163473
229008
261779
360082
294550
261785
556698
425628
261793
556707
491172
556709
294565
491177
130732
458412
425647
360112
65207
196280
294585
65209
523964
523966
196290
65220
327369
294603
491211
327371
491215
556751
97999
98002
360147
163540
130773
523989
360152
196313
98013
163560
294634
196332
327404
98031
196336
360181
360182
261879
196345
524027
261885
32510
392967
491273
327436
32524
261902
491279
360208
392981
360216
360217
32538
196378
196377
327455
32544
524063
294692
491302
261931
393004
360236
98095
261940
294716
229180
556862
32578
261956
130885
556871
294730
98127
425807
360271
491346
458583
229208
425817
327514
98137
261984
32609
491361
196458
393068
458604
425839
327536
229233
32626
294776
524155
65404
65407
393089
196483
425862
393095
360328
425866
294795
425870
98193
393108
327572
229270
556954
556955
130972
32674
229286
196525
393140
131007
196545
98242
294850
32708
294853
229318
360400
32722
262101
196566
393180
557021
32738
458724
98280
229352
98284
425964
163823
131058
229362
327675
294909
360447
